7
215899
101599
215909
101603
3
5
273047
158759
101641
35221
68521
273061
158771
215953
244451
273067
68531
158777
215959
244457
13
130171
158791
35251
215981
273083
68543
101681
17
158803
35257
244471
68567
130199
187367
273107
216023
158843
187373
35279
23
244493
273113
68597
216037
35281
29
158863
273127
187387
68611
31
37
35311
216071
187409
244547
158909
244553
68659
43
35323
68669
273157
216103
47
130259
187423
68683
244567
273181
216107
130261
158941
68687
273187
216113
101749
273193
158959
101771
244597
61
273233
187463
101789
68711
35381
216127
158993
101797
35393
159013
244633
101807
244637
187477
73
68737
244639
159023
79
68743
273281
216157
83
130343
35419
244669
216173
130349
35423
101839
216179
187531
244691
159079
216211
244703
159097
244711
216217
187559
68777
159113
216233
187573
101873
216259
130379
187597
101879
216263
159157
130399
109
273323
244747
101891
113
130409
101917
244753
159167
187633
216317
130411
273359
68821
131
216319
130423
101929
244781
68863
273433
159191
101939
244787
130439
35527
101957
244813
130447
101963
130457
35533
159199
68891
35537
187669
151
35543
101987
187687
157
101999
35569
159223
244843
163
35573
273517
244859
187711
216397
35591
159233
244861
35593
68909
187721
216401
102019
244873
35597
130513
179
216421
35603
130517
102031
216431
130523
159311
68947
273569
187787
130531
216451
35671
273601
187793
102059
193
216481
273613
68993
244901
216493
69001
273617
130553
216509
159347
199
102071
69019
273641
35747
273643
35753
102079
69031
130619
102101
227
216553
244997
102103
229
159403
273697
245023
35771
233
69067
130631
187883
273709
159421
130633
239
241
130639
35803
69109
159437
35809
69119
130643
102149
257
159457
216617
273739
245083
130651
263
35839
269
159469
35851
271
102191
245107
159473
273787
245129
216649
130687
281
245131
69163
130693
273803
35879
130699
130729
159503
69193
216679
273827
35899
307
159521
69197
130769
311
273857
187987
159539
69203
102229
245177
35923
216719
245183
130787
102233
69233
245209
130807
35951
216743
102251
188021
35963
130811
102253
69247
130817
245257
347
159571
245261
349
188107
245269
35977
273919
69259
216761
130841
188137
245279
35983
102301
188143
273941
102317
216781
273943
102329
102337
69317
379
130873
216791
36007
273971
383
245321
188171
130927
389
188179
36013
159671
102397
245383
397
274007
216841
188197
36037
274019
69379
188249
130973
102409
409
159697
102433
216859
36067
69389
245411
188273
245417
216877
130987
36083
69403
431
102461
216901
433
159737
188299
216911
274093
102497
102499
274103
36131
159763
131041
449
216919
36137
159769
131059
188311
69457
245501
216947
36151
159773
274121
245513
216967
69463
461
36161
188323
159779
69467
102539
131101
274139
159787
131111
188351
102551
69481
102559
159793
69491
188359
245533
479
69493
217003
487
188369
245561
159811
274171
245563
69499
499
188401
131171
102607
188407
102611
217057
131203
102643
509
159853
217069
245593
521
274199
159857
217081
245621
188431
274201
102653
523
69623
217111
188437
541
131249
188443
69661
245639
36299
274237
188473
563
36307
274243
102679
188483
245671
69691
569
159931
188491
274271
131297
159937
571
217169
245683
102761
274277
69709
577
188527
36341
217199
102763
159979
274283
131317
245723
69739
593
245741
217207
69761
274333
69763
36383
274349
188603
601
36389
217223
36433
131371
160033
613
217229
274361
36451
160049
245771
217241
102829
36457
160073
69821
102841
619
36467
160079
69827
69829
131437
274441
102871
36473
188681
160087
217309
131441
245849
274451
36479
102877
245851
131447
188693
274453
36493
245863
217319
653
102881
131449
188701
245881
217333
659
188707
245897
36527
274489
245899
102913
131479
188711
245909
217339
673
245911
131497
102931
188729
131501
274579
683
245963
131507
274583
160183
102967
69941
245977
131519
217363
160201
274591
102983
701
36571
274609
103001
245983
188791
69991
131561
160217
103007
245989
188801
36587
69997
131581
274661
217397
727
36599
70001
246017
103049
274667
36607
160253
188833
131611
36629
274679
217411
160309
131617
274693
217421
131627
274697
70019
131639
274709
188857
103079
274711
103087
103091
757
131671
246119
188863
36671
761
274739
131687
36677
70067
769
274751
131701
246131
36683
160373
131707
36691
70099
217499
787
131711
103171
246151
188927
36709
131713
246167
70117
246173
274811
131731
160409
246187
103183
217559
274817
811
246193
103217
274829
131749
246203
36749
217573
274831
131759
160453
823
131771
246217
36767
827
70141
217579
103289
274843
829
131779
103291
839
160499
131783
188999
36787
103319
36791
246251
131797
857
103333
217661
36793
246271
131837
36809
274867
246277
863
103357
217681
274871
160579
246289
877
103387
160583
274889
131861
189043
36847
160591
274909
217691
70201
246319
131891
189061
160603
883
217697
246329
131893
160619
274943
246343
887
246349
907
217727
274957
70237
919
160637
246371
70241
274961
131927
160639
246391
937
70249
274973
131933
217771
189169
36919
103457
36923
947
70289
275003
189199
131941
103471
160669
246473
967
131947
189223
217823
36943
275039
131959
160687
103511
36947
70313
246509
977
160697
103529
70321
36973
189239
217849
275053
983
103549
36979
246523
132019
217859
275059
189253
103553
70351
36997
246527
103561
160739
217901
132049
275087
70379
217907
37013
70381
1009
160753
1013
160757
246569
1019
37021
103577
160781
70423
246577
1021
275147
217937
103583
189337
132109
37049
189347
37057
1033
275159
160813
1039
275161
132137
160817
70451
103619
37087
246613
37097
103643
1061
189361
246637
275183
132157
103651
70459
275201
37123
246641
132169
275207
1069
132173
103669
275227
70487
1087
103681
132199
275251
1091
103687
218077
1093
275263
1097
189407
132233
70507
132241
37189
70529
275299
37199
246707
70537
275309
218087
132257
218107
246713
132263
1123
218111
70571
246731
132283
37223
160969
70573
103801
1151
37243
132287
160981
189467
37273
161009
37277
218143
132313
103837
161017
275389
1171
37307
189479
70619
103841
37309
103843
70621
37313
275399
246793
103867
161047
275419
246803
189493
103889
161053
70639
189509
218213
103903
70657
161059
1201
132367
218227
37357
218233
103919
161087
1217
132383
189529
70687
161093
218279
37369
275461
70709
218287
246889
103963
1229
161137
246899
132409
189559
246907
132421
70729
189583
246913
1237
37409
161149
218371
1249
132439
70769
161159
218381
1259
189599
103981
132469
70783
37441
161167
1277
218389
189613
103991
70793
37447
161201
246931
218401
189617
70823
1283
275549
246937
70841
1289
37483
246941
275573
104003
218419
37489
246947
189643
104009
70849
218423
1297
189653
246971
161263
132533
189661
246979
275591
1301
161267
70867
247001
104033
218447
132547
275593
37511
70877
189691
218453
189697
218459
247067
132607
104059
37537
104087
218479
247073
275641
161333
218509
247087
247099
218513
104107
161341
275657
161363
70919
275669
1367
104119
37567
132637
161387
104123
275699
189767
104147
1381
70949
218549
37579
247223
132661
37589
104161
1409
189799
37591
161459
1423
247241
1429
218591
189823
70979
218599
70981
247259
161471
189851
1439
275767
132697
189853
37633
104207
1447
275773
132701
189859
275783
1451
37643
161507
70999
275813
132707
161521
104233
1459
104239
1471
218629
71023
37663
189887
161543
275881
71059
189901
218651
71069
275897
132739
247343
218657
104287
71081
275911
37699
132749
247363
189929
104297
161569
275917
1489
247369
132751
71119
218711
37747
275921
132757
161591
71129
218717
104311
275923
1499
1511
161611
275929
189967
37799
218723
161627
71147
37811
71153
218737
37813
218749
275941
189983
247421
161641
218761
1543
104369
132851
1549
218783
275969
132857
189997
132859
104383
190027
104393
218809
190031
71191
104399
247463
218819
1567
132887
1571
218833
37871
71233
247519
1579
37879
71237
276007
247529
71249
276011
71257
190097
1597
104473
132929
190121
104479
218849
37907
104491
218857
276037
37951
132949
161761
247553
190147
71287
37957
276041
1609
104527
132961
190159
161773
71317
190181
71327
190207
37987
1619
132971
190243
37991
218947
1621
104549
276049
247603
37993
190249
71333
161807
104551
247607
276079
37997
218969
71339
190261
161831
104561
1637
218971
247613
190271
161839
104579
276091
38039
247633
133051
190283
276113
104593
1663
71353
247649
133069
104597
1667
247651
190301
133073
104623
38069
1669
247691
38083
104639
133087
190321
219019
71387
1697
161921
38119
161923
104659
38149
276187
161947
190339
38153
247711
1709
104677
219053
161957
133117
276191
247717
161969
190367
219059
71413
133121
190369
133153
1733
133157
104693
38189
247739
276229
1741
161977
71429
104701
247759
1747
190391
276239
133183
104707
219091
1753
161999
104711
190409
219103
247781
104723
71471
247799
38237
276257
162017
133213
190507
71479
38261
247813
1787
71483
219143
247829
247847
162079
219169
247853
38281
133261
190537
38287
104773
38299
190543
71537
219217
133277
190573
104789
247889
276337
133279
162143
71551
104803
219251
71563
1847
71569
162221
162229
219281
71597
104849
162251
71633
104851
1871
247957
71647
104869
1873
190607
247991
276373
133327
38371
1877
219311
190613
247993
162269
276389
133337
38377
219313
190633
1879
104911
162277
38393
133349
104917
276439
104933
71707
219361
1901
190649
104947
71711
248021
1907
219371
248033
162293
38449
133387
190667
248041
133391
38453
104959
248051
1931
38459
104971
248057
1933
190699
133417
133439
190709
248071
219409
162391
133447
38543
190711
162413
38557
133451
105019
1973
276503
71789
105023
190753
219451
162439
105031
190759
133493
1987
162451
71809
219463
276527
248117
105037
133499
162457
1993
71821
38593
248119
105071
133519
219491
1997
190783
38603
276557
248137
105097
1999
190787
162499
133543
105107
71849
133559
276587
38629
219523
133571
219529
162523
105143
2017
105167
219533
190811
2027
105173
276593
2029
38653
133597
105199
276599
71879
248179
38669
162553
133631
190829
276623
248189
162557
105227
71887
219587
276629
248201
162563
105229
2063
71899
133649
190843
38693
248203
219607
105239
71909
133657
190871
162593
105251
248231
276673
133669
162601
219619
248243
276707
133673
162611
219629
248257
190891
105263
276721
71941
219647
248267
2087
162629
276739
133697
71947
190909
248291
162641
2099
219677
190913
162649
219679
133711
162671
133717
2113
276779
38747
190979
248309
2129
105331
276781
38749
248317
190997
133733
71993
248323
2137
105341
71999
2141
38783
105359
276821
191027
133781
38791
105361
162709
38803
133801
162713
105367
219731
38821
276827
191039
248389
219749
38833
133813
2179
105379
248401
72053
276839
38839
219757
191057
133831
2203
248431
72073
162751
38851
219761
191071
248441
276869
219763
162779
105401
248447
2213
191089
105407
248461
276883
191099
2221
162791
248473
133873
105437
219787
2237
191123
105449
219797
38903
2239
276917
72101
162829
2243
219799
38917
276919
219809
2251
105491
133949
219823
248533
162847
38923
2267
133963
219829
191173
162853
2269
72161
276953
2273
72167
276961
219847
105517
38959
191231
277003
2293
191237
38977
162901
2297
191249
38993
72221
2309
191251
72223
248593
162917
248597
39023
72227
105541
162937
277051
248609
219911
134039
105557
39043
2339
219917
134047
162971
39047
248627
2341
191339
2347
248639
105601
277087
191341
72269
134059
2351
162997
105607
248657
191353
163003
219943
39103
72277
134081
163019
39107
248701
277157
72287
163021
277163
72307
219959
163027
277169
72313
191447
163061
277177
72337
105653
39133
248737
72341
105667
39139
191453
248749
105673
163109
248753
191459
105683
72367
248779
277217
72379
2399
72383
39163
191467
163129
248789
105701
220013
72421
163147
277247
134191
105727
220019
191491
72431
163151
2423
39191
277259
220021
248813
72461
134213
191507
39199
2437
163171
277261
105761
191509
220063
2441
163181
134227
163193
191519
220123
39217
134243
191531
72481
105769
277279
105817
2467
72497
105829
277297
2473
72503
163223
220151
72533
248869
105871
134287
72547
220163
248879
134291
220169
72551
277331
134293
2521
277363
248891
2531
134327
191579
39293
248893
277373
220189
2539
72577
163307
248903
277411
134339
191621
163321
2549
277421
72617
220243
248971
134341
163327
191627
277427
72623
248981
220279
163337
191657
134353
248987
2579
191671
105971
163367
191677
277493
220307
72661
277499
105983
134371
39367
191693
105997
2617
163409
134399
39371
191699
72673
249097
106013
277531
220351
39373
191707
249103
2633
163417
72689
220357
39383
191717
106031
2647
163433
249127
72701
39397
2657
163469
191747
134471
220369
277577
2659
191749
39419
163481
106103
2663
72727
39439
220391
163483
277597
249181
191783
163487
249187
277601
2677
106121
39451
249199
277603
106123
220411
249211
163543
249217
163561
134581
249229
39499
72767
134587
249233
191827
134591
249253
163601
249257
72817
2693
220469
163613
277657
39511
134597
191837
2699
277663
191861
72859
249317
163627
277687
163633
39541
2711
277691
39551
220513
249341
39563
163643
134669
277703
249367
72883
106217
72889
106219
72893
220537
134681
106243
2729
277747
72901
191929
2731
106261
249397
72907
277751
163697
106273
220553
39623
72911
163729
191969
2749
220559
72923
191977
72931
163741
163753
134731
277789
2767
39667
220579
249433
72949
277793
39671
2777
249437
220589
134753
39679
163789
2789
192029
220613
134777
192037
72973
249449
220663
134789
39709
249463
163819
72977
39719
192043
220667
277847
73009
249499
277859
106321
249503
220681
73019
39749
163853
134839
220687
249521
163859
249533
277897
134857
220709
106363
134867
220721
39769
134873
39779
220747
73061
134887
73063
2851
192133
73079
249583
2857
220771
106391
73091
39799
2861
106397
220783
134917
73121
39821
163909
2879
106411
192173
277999
163927
220793
2887
249647
192187
73133
163973
106427
220807
134947
278029
192191
39839
163979
220811
134951
249671
106433
278041
39841
73189
249677
192229
220841
278051
134999
192233
249703
163991
73237
2927
249721
73243
192239
2939
278071
163997
135017
192251
2953
73277
2957
164023
278111
220877
164039
192263
249763
73303
249779
73309
135043
278123
220889
249797
73327
278143
220897
192307
106541
278147
220901
106543
135059
220903
73351
164089
106591
39953
249833
220907
278177
39971
135089
192323
220919
278191
73363
106621
135101
3019
192341
249857
220931
164117
73369
39983
106627
39989
3037
106637
3041
106649
73387
164149
3049
278227
192373
73417
164173
106661
3067
106663
3079
221021
106669
192383
164191
3083
135193
106681
73453
278261
3089
106693
40063
73459
192407
164209
106699
135209
221069
192431
164231
106703
3119
164233
192461
106721
3121
278321
3137
135221
192463
164249
249971
164251
106739
73517
192497
249973
278347
106747
135257
192499
278353
249989
73529
278363
164291
106753
221093
3181
135277
278387
192539
250013
221101
3187
73553
40129
135281
278393
250027
3191
164321
40151
192553
135283
250031
278413
3203
164341
40153
192557
221173
73571
278437
164357
250043
73583
164363
73589
106801
278459
3217
164371
278479
221201
164377
135347
221203
164387
192583
135349
221209
164413
106859
221219
164429
221227
250091
164431
221233
73637
192611
164443
73643
3259
192613
164447
106877
221251
40241
278543
250147
40253
135403
278549
3299
192629
135409
164471
278557
3301
221281
40283
73681
3313
221311
3319
106937
73699
192667
221317
40351
73709
135449
164569
164581
221393
3331
106961
250279
278609
73751
164599
278611
40423
3347
106979
164617
40427
221411
73771
135469
73783
221413
250343
135479
40433
73819
250361
164627
221447
278627
135497
192767
73823
221453
3373
278639
107053
73847
278651
40483
3389
107057
73849
3391
164677
278671
221471
107069
250433
73859
3407
278687
107071
250441
3413
278689
135571
192811
221489
40507
278701
107089
192817
221497
250489
278717
107099
192833
40529
135589
278741
3457
192847
135593
164743
40531
3461
107119
221537
164767
73907
40543
278753
192859
250543
135601
221539
73939
3469
250583
3491
135607
164809
278801
250619
107171
135613
221567
164821
40583
192887
278809
164831
73961
40591
192889
278813
135623
250681
107201
73973
221603
250687
73999
3529
221621
250693
40627
74017
250703
192931
164893
3539
107243
192949
164911
221653
107251
74027
164953
164963
74051
135671
40697
74071
278879
221671
74077
164999
278881
192979
221707
40739
3571
165037
135719
40751
278903
165041
3583
74101
193003
40759
135721
250777
221717
193009
278911
40763
74131
135727
165049
250787
221719
278917
40771
135731
221723
278947
40787
135743
3617
74149
250799
40801
135757
250807
3623
221737
40813
250813
135781
193051
279001
40819
221747
74161
3637
250837
165103
221773
3643
250841
279023
40829
135829
40841
135841
40847
165161
221807
250867
107467
40849
165173
193133
250871
74197
193139
221827
74201
107507
40867
221831
250919
107509
3691
40879
165211
74209
221849
107563
3697
40883
193163
250951
74219
221873
135911
165233
279127
40897
3701
221891
135913
165247
279131
250967
40903
107603
193189
221909
74257
165287
107609
3719
135937
221941
165293
107621
279143
250979
193243
135977
107641
250993
279173
135979
165313
3733
221953
279179
165317
136013
74293
251033
251051
279203
136033
3767
107693
136043
279211
165349
251059
107699
40993
136057
279221
221999
251063
193337
107713
136067
279269
222007
251071
193357
107717
279311
193367
251081
107719
279317
193373
107741
193379
41047
251099
222029
165437
41051
74377
136111
41057
279337
107761
74381
3821
193387
251143
165449
136133
3823
279397
251149
165457
222067
136139
74411
193423
279413
251159
165463
222073
136163
251171
193433
165469
251177
74419
251179
3851
279431
165511
3853
222113
165523
3863
193451
165527
279451
3877
41143
251201
222137
251203
136217
222149
279481
136223
41161
193493
41177
3907
41179
107873
3911
251231
3917
193513
41189
136261
251233
3919
165559
279541
41201
107897
251257
74521
136273
222193
165569
41203
193559
3929
222197
41213
193573
251263
107923
165589
251287
107927
3943
165601
222247
107941
193597
251297
74561
136309
279577
3967
193601
222289
251323
279583
193603
222293
107981
41257
74597
4003
41263
74609
279607
251353
136337
165701
279613
222317
193649
136343
41281
108011
165707
41299
4019
74623
193663
136351
222323
108023
251393
41333
279641
108037
251417
4027
74687
41341
165719
193703
279649
136379
41351
193723
279659
222347
136393
193727
165749
222349
136397
165779
251443
136399
108107
41387
136403
193751
136417
251473
222379
165817
165829
165833
136429
108131
4099
108139
136447
193771
74747
108161
251491
41443
136453
193789
74759
108179
165883
41453
279761
136463
193799
4133
74771
41467
279767
251519
4139
136471
74779
41479
108191
222493
279779
193813
136481
4153
165931
74797
41491
251533
4157
136483
41507
279823
193847
279847
222527
74827
4177
41519
74831
136511
165961
108217
193861
279863
74843
251567
136519
165983
222557
41539
108223
193871
279883
136523
4217
74861
222587
41543
166021
279913
4219
74869
251621
166027
136537
279919
193877
222613
166031
4231
193883
74887
222619
41593
4241
166043
136547
279949
222643
41597
4243
166063
108287
4253
222647
193939
108289
4259
251677
41609
108293
166099
74923
279991
222679
166147
108301
4271
251707
166151
108343
74933
193957
251737
136607
280009
166157
108347
74941
251761
136621
166169
280013
193993
222731
41641
136649
166183
280031
108377
4297
222773
136651
251809
166207
41651
194027
4327
251831
136657
280069
222787
251833
75017
108413
166237
136691
41669
280097
166247
222791
108421
4339
41681
75037
136709
194071
108439
75041
280103
194083
251879
166289
41719
280121
194087
166297
136727
41729
108461
222839
166301
4363
280129
136733
251893
41737
222841
108463
194101
166303
280139
4391
222857
251903
136751
166319
41761
280183
4397
75161
194119
222877
280187
194141
280199
108517
75169
280207
166357
4423
194167
136811
75193
108533
136813
166393
280223
4447
136841
75211
136849
75217
41843
194203
4457
136859
41849
251983
108557
41851
252001
166409
194239
75227
252013
222947
166417
4481
194263
136879
252017
280253
166429
222953
194267
4483
41887
75253
280277
166457
108643
4493
194269
41893
252037
222977
166471
4507
252079
166487
136943
222979
222991
194323
280327
136951
280337
166567
136963
280339
166571
4523
280351
166597
108727
41941
223019
194377
108739
4549
136979
223037
252163
280409
136987
223049
252169
75347
136991
223051
252173
194443
252181
41959
75367
280463
166627
252209
194479
280487
41981
108793
137029
194483
75389
223087
4597
41983
75391
252233
194507
41999
75401
166657
137087
75403
223103
108821
280513
75407
194527
4637
223129
280537
252283
75431
223133
166679
75437
137117
280541
75479
4643
137119
166703
223207
137131
194581
166723
223211
75511
108877
4651
252319
75521
166741
108881
42071
194609
75527
280583
166781
137153
42073
166783
223229
108887
137177
223241
166799
75539
42089
166807
252359
42101
4679
166823
280597
223247
252383
194671
4691
280603
42139
194681
4703
137201
42157
280607
194683
252401
137209
42169
4721
166847
108929
223273
252409
42179
280627
194707
223277
252419
166853
280639
194713
166861
137251
280673
75611
42187
166867
4733
223291
42193
194723
137279
4751
108959
223303
42197
280697
75619
137303
166909
108961
280699
4783
252463
75629
137321
166919
194767
108967
42221
223331
280711
194771
166931
42223
108971
75653
4793
280717
252533
223339
166949
75659
194813
280729
166967
42239
223361
280751
4801
42257
223367
252559
280759
109013
194827
109037
4817
137369
194839
166987
109049
252589
223403
4831
194861
42293
167009
137387
223423
4861
42299
75709
252611
42307
280817
194867
75721
252617
137399
42323
194869
167023
280843
223441
167033
75743
194891
109111
167039
252691
194899
280871
252709
42349
194911
4909
75773
280879
167051
42359
194917
75781
223493
42373
75787
4931
194933
223507
252731
194963
4937
137483
4943
109159
42397
252761
137491
75821
194981
280913
223547
109171
75833
167099
42407
223549
42409
137519
252817
75869
4969
195029
109211
42437
223589
137567
195043
252827
223621
75913
137573
4987
42451
280939
195047
109253
75931
223637
252877
280949
195049
42461
223667
4999
280957
195053
137597
195071
137623
42467
109297
167191
42473
137633
280967
252893
75967
195089
167197
223697
5011
42491
195103
167213
280997
109321
5021
42499
252911
195121
75983
281023
109331
223747
42509
5023
195127
167249
137699
109357
281033
252919
223753
42533
167261
75991
5039
137707
195137
109363
281053
42557
75997
223759
5051
195157
167269
252971
281063
42569
195161
5059
109379
76003
167309
252979
42571
137737
76031
76039
223831
76079
195197
137771
42589
195203
76091
281131
5099
42611
195229
76099
167339
109423
253049
223843
195241
281159
167341
109433
137803
76123
223849
42643
167381
42649
5113
167393
42667
109451
5119
281189
137831
76147
109453
42677
5147
195271
76157
137849
109469
281207
195277
167423
137867
109471
5167
195281
137869
253153
195311
76163
137873
223963
167437
281233
223969
5179
167441
42701
253159
281243
76213
223999
195329
167443
5189
42703
281249
109519
137927
253229
76231
167449
109537
76243
253243
224033
42719
5209
281273
253247
109547
76253
195359
137947
109567
5231
224047
253307
281291
137957
167491
42743
281297
76261
109583
137983
42751
195401
281317
224069
253343
5261
42773
138007
167593
109609
195427
224113
167597
109619
195443
281339
224129
5281
109621
195457
76343
224131
138059
253381
224149
281357
138071
42829
109663
253417
281381
253423
195493
5323
281419
42841
167633
195497
5333
281423
42853
167641
253433
109717
138101
195527
5351
195539
281431
42863
253447
5381
138113
109741
224209
5387
42901
167729
224233
138143
5399
167747
253493
42929
281531
76471
195599
5407
42937
138163
42943
138179
253507
109807
76487
281549
138181
224267
167777
42961
281551
138191
5419
224291
167779
109829
42967
76507
253543
224299
195697
281563
42979
167809
5441
281579
76519
109843
43003
167863
76537
138241
224317
5449
253601
281609
76541
43019
109849
138247
224327
195739
167887
281623
138251
5477
76561
167891
43049
5479
138283
167899
224359
195751
5483
253637
76597
253639
76603
138311
281647
224401
76607
138319
281651
109891
138323
281653
43093
167971
224429
281663
109903
224443
253681
76651
168013
138371
224461
195817
195863
5531
168029
109943
76679
195869
109961
224473
76697
195883
253741
281737
168043
138401
253751
110017
224501
253763
195893
110023
43189
168071
43201
195907
224513
168083
253777
76753
110051
138427
281777
43223
138433
281783
168109
43237
195919
253789
168127
5591
43261
253801
195929
76777
168143
43271
5623
138461
195931
281803
76781
43283
253819
281807
195967
76801
43291
5641
224603
43313
224611
281837
138497
224617
5651
253867
110161
138511
76831
5653
253871
110183
195977
281849
224633
195991
168247
5659
224669
43391
195997
110233
224677
168253
76871
5669
281867
43397
253907
224683
138563
5683
76873
168269
196039
138569
43403
196043
224711
110261
43411
281921
110269
196051
5693
224717
43427
281923
168281
253937
196073
138581
224729
5701
76919
168293
196081
43451
224737
281947
168323
76943
253969
43457
224743
281959
110321
253987
76949
196111
43481
224759
5737
138629
110323
168353
76961
43487
253999
224771
110339
168391
43499
76963
281993
138641
5743
224797
168409
110359
196159
254021
76991
168433
196169
254027
138661
282011
168449
224831
196171
110431
168451
282019
254041
43573
282053
43577
110441
43579
224881
196187
254053
110459
138731
168481
282071
224891
77041
254071
196193
5801
138739
282089
224897
254083
168499
138763
282091
224909
5813
196247
5821
224911
282101
43627
282103
138797
254147
168533
110503
5839
77101
138799
282127
5843
110527
196279
77137
43649
224947
138821
282143
196291
138829
168599
254207
77153
168601
224969
168617
282167
5857
77171
110563
138863
43691
77191
110567
224993
138869
254249
282229
196337
110569
225023
138883
254257
110573
196379
225037
138889
43721
196387
282241
5879
110587
196429
254281
168677
282253
77239
5881
110597
225067
254291
43759
77243
138917
110603
77249
168713
5903
254329
196459
168719
43781
254369
110623
168731
225089
196477
77263
5927
168737
282307
43787
168743
225109
196499
282311
43789
110641
138977
168761
77269
225119
5953
254407
43793
196519
110647
168769
282349
225133
5981
77291
110681
139067
139079
254447
168803
139091
225157
196549
110729
168851
77339
282407
254489
6029
225161
139121
110731
282409
196583
6037
225163
77351
168893
6043
43951
225167
196597
139133
77359
110753
254537
282427
168899
43961
225217
77369
139169
196613
254557
168901
110777
225221
254593
168913
139177
110807
225223
254623
110813
254627
110819
139187
225227
254647
77383
6073
196657
225241
254659
43973
168977
282493
196661
225257
110863
77419
254713
110879
43997
282563
6091
254729
139301
44017
196687
282571
169009
225299
77447
254731
139303
196699
110909
254741
225341
139309
6121
254747
110921
282599
44029
225343
139313
196717
139333
169063
6133
254773
110927
169067
44053
6143
77489
196739
169079
196751
169093
77509
77513
254791
77521
139361
225353
6173
6197
254827
77543
139369
110969
196799
169151
110977
77551
196817
282683
169159
225383
6211
44111
225427
169177
111031
225431
77569
6221
254869
139409
44123
111049
169199
77587
196871
139423
111053
225461
282707
169217
77591
254879
44131
196873
139429
225479
111091
282713
111103
169241
139439
111109
169243
254899
111119
169249
77617
44171
111121
169259
44179
6271
196901
169283
44189
282769
139459
254927
225503
196919
6287
282773
169313
254929
6299
169319
254941
169321
282797
196927
44203
77659
111187
44207
111191
196961
254963
44221
169339
111211
77687
254971
139493
225527
6317
77689
139501
254977
169361
44257
282847
225529
197003
77699
111227
139511
169369
44263
254993
169373
255007
282869
225581
169399
255019
169409
255023
44269
169427
197033
111263
139571
282889
139589
282907
139591
169471
169483
197063
77731
44281
77743
111301
44293
282913
139609
169493
44351
255071
169501
255077
44357
169523
44371
282959
225619
139627
77773
111337
225629
77783
6373
77797
6379
225637
44383
6389
197101
44389
44417
282977
255107
139663
282991
77813
139681
6421
225683
77839
44453
139697
283007
111409
139703
283009
77863
111427
169591
225697
77867
111431
197147
169607
77893
139721
255137
283051
197159
77899
169627
44497
6469
225733
139739
283079
111467
197203
6473
111487
169639
283097
139753
225767
44519
255191
111493
139759
169657
283111
197243
225769
77977
6529
77983
225779
197257
111509
169667
283121
111521
197261
255209
283133
78007
169681
111533
139831
255217
225821
6553
197273
44549
111539
225829
78031
169693
44563
255247
111577
6569
44579
78041
139871
225859
283183
44587
6571
169733
111593
139883
225871
283193
255259
111599
44621
139891
225889
169753
111611
6581
255313
197311
225919
283211
255329
44633
169777
197339
225931
255349
111637
44641
169783
283267
197341
255361
139921
78121
225941
44647
169789
283277
111653
255371
6637
44651
169817
283289
255383
225949
169823
255413
169831
6659
283369
139969
78163
225977
283397
255443
44687
78167
197381
111721
283403
169843
255457
225989
139987
197383
6679
111731
44701
283447
226001
139991
78191
6691
283463
78193
226007
255473
140009
255487
111767
283489
44741
78229
255499
6709
169913
140053
283501
44753
78233
255503
169919
197453
140057
255511
78241
111781
283519
169933
44773
140069
6737
226103
78259
111791
169937
255523
140071
6761
78277
169943
111799
283571
169951
78283
111821
169957
283573
78301
197551
169987
255587
78307
111829
255589
78311
6781
226169
283583
6791
170003
140159
111847
6793
197573
140167
78341
255617
78347
283609
170047
6823
283631
255641
170057
255649
283637
78401
170063
140191
6829
197609
283639
170081
140197
197621
44887
170099
255659
140207
6841
226231
255667
78439
140221
283687
197647
44909
226241
170111
197651
111919
44917
283721
78487
226283
283741
44939
6883
6899
197689
44959
140269
78511
197699
170189
255763
226357
111977
78539
140297
6917
226367
44983
111997
78541
140317
6947
197741
112019
140321
283807
112031
170227
78569
140333
226397
283813
45013
6959
197759
78571
170239
140339
45053
112067
170243
78577
197767
112069
45061
140351
170249
197773
170263
197779
283837
45083
226433
255869
6971
197803
140381
6977
78623
140401
6983
45121
112111
226453
6991
112121
6997
112129
197837
112139
170299
255917
226483
78653
226487
45137
170341
197891
45139
7019
170347
45161
197893
45179
226531
283949
112199
283957
140423
255961
197921
283961
140443
197927
45197
170369
7057
112213
197933
78721
45233
255973
284003
112223
140453
78737
45247
284023
226601
170389
112241
170393
78781
78787
226621
112249
7121
7127
256031
7129
45293
226637
7151
140533
197971
226643
7159
256049
140549
78809
170473
198013
112289
78823
170483
7187
198017
112291
78839
170497
7193
45329
112297
78853
140587
112303
112327
140593
7211
112331
140603
198047
256121
7213
112337
78887
170539
140611
7219
284149
170551
226741
140617
226753
7237
112349
226769
284159
7243
112361
170579
78901
140629
226777
284161
198097
45403
112363
256169
78919
170609
226783
7253
198109
140663
284191
226789
170627
198127
7283
256187
78941
45439
140681
112429
170633
284231
256189
7297
226819
284233
256199
45491
198179
226823
170647
7309
198193
45497
140729
256211
79031
7321
79039
7331
79043
112507
140741
79087
112559
45533
79103
140759
112571
226903
79111
284269
140761
79133
170707
198223
170711
284293
140773
112577
170741
198241
112583
7369
140779
112589
226913
256313
112601
256337
284341
284357
112621
140813
226943
112643
140827
7417
112657
7433
256369
170767
79159
284377
7451
256391
198277
227011
140837
79181
45599
7457
284407
227027
140839
112691
79187
198301
7459
284413
227053
45613
256423
170813
79193
140869
284423
227081
112757
45631
170827
7481
79201
256469
140891
198349
45641
284447
170837
112759
140893
79229
284467
79231
7499
198391
170843
256489
227147
45667
140909
170851
284483
227153
112799
45673
284489
198409
140939
256499
7517
227167
170873
79273
45691
284509
198427
7523
79279
227189
112843
198437
140989
170881
45697
256561
79283
112859
170887
284539
227207
45707
170899
45737
170921
141041
45751
227219
170927
79309
256577
141061
170953
256579
112901
227231
7547
198469
112913
7559
141079
198491
45779
79349
112921
171023
7573
198503
141107
45817
256643
79357
112927
284623
227299
198529
45821
112939
7583
256651
227303
171043
198533
79379
45823
112951
284651
256661
171047
45827
227363
198553
171049
284657
7591
171053
7603
79397
7607
198571
79399
7621
79411
198589
171079
79423
79427
79433
256721
141179
112997
45853
7643
256723
113011
284689
227393
141199
284701
7669
198613
79493
113023
256771
141221
79537
79549
141233
256801
227431
171167
141241
256813
45943
141257
171169
79561
7699
227459
113051
198659
79579
171179
141269
113063
198689
171203
113081
256877
45959
45971
141283
141301
198719
256901
7727
141307
7741
45989
141311
284759
256931
141319
171263
227501
7757
141353
227519
141359
171293
113123
141371
171299
7789
79631
79633
256967
79657
284803
256981
198817
141403
198823
113147
227537
171341
141413
113149
198827
171383
257017
284813
257053
284819
7829
257069
227567
113159
171403
171427
198833
257093
284833
113167
141461
113171
284839
46093
227581
46099
171449
257107
171467
171469
7873
7877
284881
46133
79757
46141
284897
198851
257141
113189
79769
171481
141499
113209
79777
113213
79801
46153
113227
7901
257171
79811
227609
171517
79813
257177
79817
141511
198901
171539
284927
198929
141529
46183
7927
79829
257221
171553
7933
257239
79841
198941
141551
227651
7937
113329
257249
141587
7949
227653
46219
171571
198953
79847
285023
227663
46229
79861
285031
79867
141613
285049
141619
171617
46261
171629
141623
257281
198971
171637
198977
46273
8011
46279
8017
141637
257293
46301
171659
199033
227729
79939
171671
199037
113417
285119
79943
141667
113437
227789
141671
113453
8069
227797
141677
199049
113467
8081
257339
171679
227827
141679
79973
257351
8087
171697
46337
257353
227849
141689
227869
227873
285151
171713
46351
171719
46381
79997
141707
227947
171757
8111
257401
8117
8123
8147
199153
227977
199181
227989
141731
227993
80051
80071
80077
285221
199207
46447
285227
199211
285251
228023
80111
199247
80141
113591
228049
199261
228061
171811
80149
171823
285283
80153
113623
171827
257473
171851
8209
199289
228097
285289
113657
113683
141793
46489
46499
171877
228113
80191
171881
257503
8233
171889
257519
199343
285377
171917
80209
257539
113731
141833
46523
199357
80221
113749
228199
141851
80231
113759
228203
113761
141853
228211
257591
285457
113777
199379
171947
141863
46567
228223
285463
257627
199399
8287
80263
172001
46573
113783
199403
285473
113797
199411
285497
8293
113809
199417
285517
46591
80287
285521
141941
46601
172027
257687
80317
141959
228301
199453
8329
285539
141961
172031
113891
80329
228307
8353
285553
46639
228311
80341
199483
8363
172069
113903
80347
257713
46649
228337
142007
285569
80363
113921
142019
285599
172093
199501
257731
228353
199523
46679
113947
80407
285613
199559
257783
113957
228383
8423
285629
46681
257791
199567
113963
228409
8429
80447
46687
228419
142061
199601
142067
46691
285643
8443
228427
199621
114001
8461
46723
285667
228451
142111
172169
114031
228457
142123
172171
228461
257867
172181
228469
46751
199673
228479
80527
114067
142159
285709
199679
114073
257893
228509
114077
199687
257903
8537
199697
8539
142183
114089
8543
46771
114113
228517
114143
80567
46807
257947
172219
142193
228521
114157
285757
80599
8581
142211
172223
46817
199751
228539
257981
285767
114167
199753
46819
172243
80611
228559
285773
257989
8609
46829
199777
172259
142271
228577
46831
258019
46853
142297
199799
172283
80629
285827
199807
172297
8629
258031
46867
114203
80657
142327
199811
228593
80669
8647
142357
114221
285871
228601
199819
258101
172331
142369
114229
46901
258107
228611
199831
46919
80677
142381
172357
142391
228619
199873
142403
80683
228637
258119
8681
285977
46993
8689
258127
80701
258131
80713
172421
258143
285983
80737
172423
142433
228707
80747
172427
8707
80749
228713
8713
286001
80761
199931
8719
142469
199933
47057
172441
142501
47059
114343
199961
80779
228733
47087
114371
199967
8737
172507
114377
286043
258211
8741
199999
172517
228751
286049
142543
258233
200003
47119
172519
80809
228757
286061
8753
142547
258241
172541
114467
8761
258253
228793
200023
286073
258277
47137
228797
47143
142567
200033
258299
8803
172583
228829
258317
8807
286163
172589
80863
258319
114547
47161
286171
142591
258329
114553
8821
286199
142601
80909
258331
228853
8831
47207
80911
258337
200117
47221
80917
258353
228869
8839
200131
80923
8849
172633
172643
142657
200159
172649
47269
142673
8863
200171
228887
114601
80953
286367
80963
228901
258413
80989
228911
81001
172673
286381
8893
200191
81013
286393
47297
172687
228923
81017
286397
114643
228929
8929
142757
286411
47309
114649
258449
228953
142759
81023
200231
286421
47317
8941
228959
286427
47339
172741
258487
142787
200257
8963
114671
172759
114679
172787
228989
200293
229003
47381
200297
229027
47387
172807
200323
229037
258527
114713
172829
81071
47407
114743
229081
81077
200341
142841
229093
258551
81083
200351
258563
47419
81097
258569
200357
47431
286487
81101
9011
258581
142871
114761
172867
200371
258607
172871
229133
200381
258611
172877
142897
81131
9029
229139
114773
47491
258613
286513
142903
172883
81157
47497
258617
142907
9043
47501
9049
47507
142939
286541
9059
114799
142949
47521
286543
9067
229181
81181
258637
142963
286547
172981
229189
114827
9103
286553
172987
229199
9109
81199
258673
9127
81203
229213
9133
81223
47569
258691
81233
114859
200573
258697
229223
258703
47591
173023
258707
47599
173039
47609
9157
173053
9161
114901
143053
173059
286619
200591
9173
81293
173081
114941
9181
286651
9187
229261
81307
286697
114997
47657
258779
173141
81343
143137
173149
229309
143141
9221
286711
173177
47681
81353
143159
200713
286733
47699
143177
9239
258871
81373
286753
81401
115061
81409
9257
115067
47713
81421
258917
286771
81439
229409
200789
173219
258919
115099
143249
173249
9293
115117
286801
258949
47741
173263
81509
9311
115123
229459
200843
143263
286831
9319
81517
173267
229469
258967
81527
229487
143287
286873
81533
47779
173291
229499
143291
258977
143329
200881
47797
143333
173297
200891
286973
9343
200899
115163
81553
200903
81559
229529
115201
47819
143401
229547
81569
47837
259019
259033
9397
173429
9403
229561
9413
115249
47857
9419
115259
229583
143461
229589
200987
81647
9431
200989
259123
287059
81649
9433
201007
287087
81667
173491
143483
173497
47911
143489
9461
115319
201049
287117
81689
143501
259169
47933
229639
143503
81701
259177
229681
9473
201107
287149
115331
81707
143513
47947
201119
229699
259201
143519
115337
81727
47951
201121
287173
259211
229711
47963
9497
201139
143537
115361
229717
287179
259213
143551
173617
229727
81761
143567
9533
201167
81769
9539
81773
259271
287233
143573
115429
229753
9551
173651
259277
81817
143593
143609
229763
287251
201211
81847
143651
229769
173659
259321
9613
115471
287257
48049
143653
81853
201247
229771
173669
259379
287279
9623
143669
81869
201281
229781
259381
9629
143677
115547
259387
287291
143687
115553
201307
259397
287297
48121
9643
173699
229819
115561
143711
201329
259411
48131
173707
287333
81929
143729
9677
143743
259429
115597
9679
173729
115601
287347
9689
201389
9697
48179
259453
143791
287387
143797
201403
9721
287393
115631
229903
48193
287437
9733
201437
81967
115637
229937
48197
259517
143821
201449
173807
48221
229949
81973
115663
48247
143831
82007
201473
115693
229963
82009
143833
9767
115727
82013
173839
48271
9769
115733
259577
287549
143879
173851
9781
201499
48299
259583
143881
230017
9787
201511
48311
259603
82037
143909
48313
173891
287597
173897
230059
82051
287611
173909
143953
230063
115769
259627
201557
9817
9829
259631
9833
230081
48371
201581
115781
9839
143981
259643
230089
48383
82139
201589
287681
115783
143999
9851
230101
201599
82141
144013
230107
82153
144031
230117
144037
173993
115807
9859
259691
48413
82171
144061
9871
115811
230137
82183
287747
230143
82189
201653
174019
259723
230149
9887
287789
82207
230189
144103
82217
115837
201667
82219
144139
201673
174061
287813
201683
174067
144163
287821
9923
259781
201701
174071
230221
115859
48481
9929
287849
259783
82237
115861
48487
82241
115873
174079
144173
48491
9941
82261
287857
115877
230239
174091
9949
201757
82267
144203
115879
230257
201767
287867
174101
82279
115883
48527
201769
174121
9973
144241
201781
144247
201787
259867
230291
82307
174143
259907
174149
115903
144259
201797
174157
287933
174169
201809
10039
259937
287939
115933
48571
144289
174197
201821
82351
230327
10061
287977
48589
115963
144299
201823
230339
82361
259967
10067
288007
48593
144307
115979
201827
230341
82373
144311
174259
48611
201833
82393
10091
174281
82421
10093
260009
230369
10099
201881
82463
260017
82469
260023
82471
10111
174311
288077
260047
144383
82483
174329
201907
144407
82487
10139
230393
48677
82493
10141
288109
230431
48679
260111
288137
174347
260137
82507
174367
288179
82529
10159
144427
82531
230453
288181
116107
82549
260179
174407
288191
230467
10169
82559
48751
144451
116131
288199
174413
230471
48757
82561
260201
144461
116141
201961
48761
82567
230501
116159
10193
260209
174457
82571
288227
144481
230539
82591
288241
10223
144497
116177
230551
82601
144511
116189
201997
230561
260263
144539
48787
288257
174481
48799
82613
288283
116201
82619
202021
116239
144563
82633
116243
230597
82651
144569
288307
230611
10259
82657
260339
230647
82699
116269
174569
230653
10271
202063
260387
144589
174571
10273
202067
48857
82727
230683
202087
144611
174599
202099
230693
288361
10301
202109
260413
48869
230719
174617
288383
10303
82759
144667
82763
48883
144671
174637
202129
288403
10321
144701
260441
202183
288413
10331
230761
82787
10333
174653
230767
144719
48947
82793
10337
288433
230771
116381
260483
48973
230773
260489
116387
288467
144751
230779
174703
116411
48991
144757
82813
10369
230807
144763
49003
260539
288499
144773
49009
174749
288527
230827
174761
288529
49031
230833
144791
82889
10429
230849
82891
10433
202327
82903
230861
116461
260569
10453
288551
174773
202339
144829
10457
82939
202343
288559
144839
260581
49057
116483
288571
260587
49069
288577
202361
174829
10477
144883
288583
202381
82997
260629
144887
49103
174859
116531
83003
288647
260647
49109
144889
174877
202393
83009
230939
144899
174893
116537
230941
288653
49121
116539
174901
10513
230959
49123
202409
174907
288661
83047
144931
10529
230969
49139
202441
260717
144941
174929
116593
230977
83063
49157
260723
202471
174931
144967
116639
230999
83071
49169
174943
116657
83077
10589
260753
174959
83089
288733
10597
202519
116681
288751
116687
260773
49193
116689
174991
260791
116707
175003
83117
10613
49201
116719
175013
202567
145021
10627
260809
49207
288803
175039
231053
202591
260849
10631
288817
145037
116747
175061
83207
260857
202613
10639
49253
116789
288833
202621
10651
175069
49261
116791
145063
288839
175079
202627
83221
49277
231109
145069
288851
175081
49279
260873
231131
116803
10667
145091
202639
49297
231169
116819
145109
49307
260893
116827
175141
10691
83243
10709
202667
49333
10711
49339
288913
116849
175229
145139
288929
49367
260959
116881
10733
175267
10739
49391
10753
116911
288973
145207
175291
231277
288979
83311
260999
116927
288989
202747
175309
145219
288991
49417
261013
145253
288997
10799
116933
49429
261017
145259
83357
231299
175349
202757
289019
261031
145283
116959
175361
10847
261043
83389
49463
261059
10853
83399
49477
145303
289031
261071
289033
231347
261077
83407
116989
49499
289039
145349
231349
116993
49523
175411
261101
49529
145361
175433
261127
10883
117023
175447
289067
231367
10889
117037
49537
202877
175453
83437
261169
289103
49547
145399
231409
175463
202879
83443
261223
289109
49549
10903
145417
231419
202889
117053
83449
289111
10909
145423
175493
49559
261241
175499
145433
49597
261251
175519
117101
49603
261271
289129
145441
202931
175523
117109
83477
231461
175543
10957
117119
83497
10973
202949
49633
117127
10979
145463
231479
49639
175601
145471
261329
83557
10987
289169
231481
117163
202973
49663
175621
145477
261337
10993
231493
117167
202981
289181
11003
49669
202987
261353
145501
175649
231529
11027
202999
83591
145511
175663
49697
289193
261389
203011
117203
83609
11057
231547
145517
203017
117209
49727
145531
117223
49739
175691
11069
117239
231559
117241
83639
145547
261433
83641
11083
289249
145549
261439
49747
83653
289253
145577
175723
289273
117269
11093
145589
289283
117281
11113
203117
117307
289291
11117
83689
203141
117319
11119
261467
175757
83701
11131
261509
289309
145633
175781
289319
145637
175783
49801
11159
175811
117353
49807
231613
261557
203209
117361
11171
231631
145679
175837
117371
203213
261577
231643
289369
117373
117389
175853
289381
203221
145687
83777
289397
49853
11197
203227
83791
117427
231701
49871
261601
145709
289423
175891
203249
83813
231709
117431
11239
261619
289439
49891
261631
175909
83843
203293
175919
83857
83869
203309
231799
117497
11257
175939
145757
231809
261643
289469
175949
11261
83891
49937
117503
203317
231821
261673
289477
175961
117511
145777
261697
49943
83911
203323
117517
261707
175979
289511
231839
145807
11299
49991
231841
83933
145819
203341
261721
49993
117539
145823
176017
261757
11321
117563
50021
261761
289577
203363
11329
117571
83987
261773
145879
50033
117577
231901
261787
50047
203383
145897
11353
50051
176051
50053
203387
289607
231923
261799
176053
84047
145931
117643
50069
11383
261823
176063
231943
145933
289657
203429
261847
176081
84061
231947
145949
84067
145963
176089
84089
11411
203449
84121
11423
50101
261917
84127
117679
203459
176129
289721
50111
232003
261959
117701
289727
84137
261971
232007
117703
11447
176159
261973
50123
232013
289741
84163
117721
11471
84179
261983
146009
84181
232051
117731
176191
11489
84191
203579
176201
289771
84199
176207
84211
117757
50159
50177
11503
146033
203627
50207
262069
50221
84229
262079
232091
117779
176237
84239
232103
146059
176243
84247
50261
232109
146063
50263
11551
117797
232117
50273
146077
232129
176299
84299
11587
289859
232153
84307
203663
146099
50291
146117
50311
117833
289889
84317
146141
203713
289897
146161
203761
289937
203767
11621
289951
262147
50333
203771
11633
146191
289957
176329
50341
232217
203773
117877
262153
146197
11657
50359
203789
84389
146203
11677
176347
232303
50363
203807
289987
146213
176353
117883
262193
84401
11689
289999
176357
262217
117889
203821
84407
11699
232357
176369
146239
117899
203843
84421
262237
50411
290021
146249
84431
232367
11717
290023
176389
117917
262261
232381
203873
262271
84443
117937
50441
290033
262303
146297
176413
117959
232409
84457
203909
146299
176417
232411
11777
290041
203911
262331
117977
232417
50503
290047
203921
262337
117979
232433
176431
290057
262349
203947
117989
11783
176459
50527
290083
203953
176461
262369
290107
84503
262387
11801
290113
232457
203971
176489
50549
146369
50551
11813
262399
118043
290137
84523
290141
118051
11827
11831
84551
118061
146389
290183
118081
176509
262459
146407
118093
11839
290189
50599
204013
146417
290201
262489
176537
146423
11867
262501
232567
11887
84631
262511
176551
232571
50651
262513
84649
50671
146477
50683
50707
146513
232597
262541
50723
204067
176591
262543
50741
176597
204101
262553
118211
50753
84691
232621
11927
262567
290317
204107
146527
176609
232633
84701
11939
262597
146539
176611
232643
84713
11941
118247
204137
146543
290351
176629
11953
262627
204143
146563
262643
50833
84731
262649
50839
176651
146581
84737
50849
146603
11971
50857
232699
204163
50867
84761
232709
11987
232711
118277
50891
176713
118297
204233
12011
176741
84809
176747
176753
118361
12041
204299
232753
176777
262723
50929
176779
290441
50951
232777
176789
118373
290443
232801
12071
146681
118387
84859
204319
290447
232811
12073
118399
262747
84869
204329
290471
262781
176807
84871
204331
146719
290473
262783
118411
176809
12101
50993
232847
204353
176819
118423
84919
232853
51001
290509
118429
146767
290527
118453
176857
290531
12113
232871
12119
262877
118463
146801
262883
51047
12143
204371
118471
176899
232891
262897
146807
84977
290557
176903
51071
12157
146819
118529
232907
146833
204431
176923
232919
12163
204437
176927
232937
262937
51133
146843
176933
204439
290611
118571
232961
85021
51137
12203
146849
176951
204443
290617
85027
262981
51151
146857
290621
85037
263009
51157
12227
176983
146891
290623
263023
51169
12239
263047
85061
12241
290627
146893
204487
177007
233071
146917
118633
290657
51199
233083
290659
233113
85087
290663
118669
85091
118673
85093
290669
263083
177019
118681
263089
51229
290671
118687
263101
233143
51239
85109
118691
263111
204557
146977
177101
204563
290701
85133
12289
12301
204587
290711
233173
85159
204599
146989
118747
263171
147011
290761
263183
12343
147029
51287
290767
177167
263191
204613
233221
51307
85201
177173
263201
51329
233231
177209
12377
118799
204641
233239
12379
177211
147073
204667
290821
233251
85223
263213
51343
177217
147083
118819
290827
12401
233267
263227
85229
147089
118831
51349
204719
263239
177239
85237
51361
204733
290861
263257
177257
85243
233297
51383
147137
177269
85247
118861
177283
204751
51413
233327
147151
118873
263273
12437
118891
233329
263287
85297
118897
263293
233341
118901
147179
12457
263303
118903
147197
118907
85313
177337
51431
118913
147209
177347
12479
233353
263369
204797
51437
177379
233357
263383
85333
177383
204803
85361
233371
118967
290987
12491
51449
147227
290993
51461
204857
263401
204859
177427
233417
263411
12503
85381
204871
291007
177431
147253
233419
204887
85411
263429
177433
263437
204913
291037
12527
204917
51503
12539
291041
204923
85429
177473
51517
177481
119057
51521
263491
85447
204947
51539
12553
147299
233509
119083
147311
263513
291089
147319
204979
177533
233551
177539
51577
85487
233557
51581
263533
85513
12589
177589
51593
263537
85517
205031
12601
263561
147353
85523
177623
51607
291167
205043
263573
147391
233621
51613
85549
119131
177679
12619
263591
291191
205069
147401
177691
51647
263597
291199
12641
233687
85597
205097
51659
263609
147419
119183
85601
12653
291217
205103
263611
233693
177761
119191
263621
291253
147457
119227
51691
177787
119233
147481
233743
177791
147487
233747
147503
12697
177811
233759
12703
85639
12713
233777
177841
263737
177883
51769
233851
205171
177887
51787
177889
147551
51797
233861
119297
205187
263761
177893
147557
51803
85669
233879
119299
205201
263803
12763
291359
85691
147583
291367
51827
12781
233911
119321
147607
205213
291371
177917
51829
263827
85711
147613
119359
177929
205223
85717
147617
177943
85733
205237
233923
177949
147629
177953
51853
233939
205253
51859
177967
147647
51869
177979
205267
233941
51871
263863
291419
119417
12823
205297
233969
51893
291437
147671
12829
119419
233983
178037
205319
233993
85819
291443
119447
51913
178067
291457
12889
51929
147703
205339
234029
263909
291481
51941
178091
12893
178093
119513
178103
147727
234067
263927
291503
51973
263933
147739
291509
51977
263941
178127
205399
12911
119551
291521
51991
119557
178151
12919
119563
178169
147773
52021
205423
263957
178183
234131
85903
52027
12941
205427
178187
234139
119591
291569
52057
119611
52067
119617
205453
52069
264031
119627
52081
205463
85991
12973
264053
147853
119633
234181
205477
291661
86011
147863
178261
52127
86027
147919
264091
13003
52153
234193
13007
86069
205493
13009
86077
13033
86083
13037
147949
13043
13049
234197
205507
234203
119677
205519
264127
119687
86113
291701
86117
234217
264137
178349
148013
291727
86137
205549
264139
13103
234259
119701
178361
264167
148061
291751
205559
86161
52223
13121
52237
86171
13127
119737
205589
86179
264179
119747
148073
119759
86183
52253
119771
234287
13151
119773
264221
13159
234293
119783
178417
86201
291817
13163
264263
148091
119797
205619
178439
86209
291829
52289
264269
234319
205627
178441
291833
86239
52291
86243
52301
264289
148147
234331
86249
52313
291857
148151
234341
119831
86257
52321
291869
148153
264323
13217
178487
205661
119839
234361
148157
52363
264349
291899
119851
52379
291901
119869
86291
148193
52387
291923
119881
234457
86293
148199
52391
264371
119891
291971
234461
148201
13259
291979
234463
52453
264403
178559
13267
119923
234467
52457
205783
148229
13291
52489
205817
13297
86341
234499
205823
86351
264463
52511
264487
205837
52517
13313
119963
264527
119971
292037
119981
52541
119983
234529
264553
205883
178603
264559
292069
52553
264577
292079
86381
148331
264581
178613
120017
52567
13367
234547
148339
86399
205949
292091
264601
120047
178639
205951
234587
264619
178643
120049
205957
52609
264631
264637
120077
234599
205967
120079
13411
148387
234613
120091
178693
148399
234629
178697
205991
264697
292157
234653
178753
52667
86467
292181
148411
234659
13441
206009
52673
292183
264739
120121
86491
13451
264743
178793
120157
292223
264749
148457
120163
292231
86509
52709
292241
264763
148471
264769
206039
178813
52721
234727
292267
206047
86539
148501
13487
52733
206051
264791
86561
13499
178831
292301
234743
148517
264793
86573
52757
206077
148531
206081
292319
234769
206083
292343
86587
120247
178873
292351
148549
264829
120277
52807
86627
120283
148573
86629
234799
178889
120299
178897
234803
292381
178903
120319
234809
178907
13591
120331
52859
178909
86693
120349
234811
206183
52861
292427
264893
148633
178931
206191
292441
86719
178933
148639
206197
52883
234847
148663
52889
148667
178951
52901
120397
86753
13633
264949
292477
234869
52919
148693
13669
120427
148711
292489
179029
52951
264977
179033
86813
234917
179041
292517
86837
52963
234931
179051
264997
52967
120503
13691
179057
206263
120511
86851
292549
179083
52981
148763
179089
292561
265007
52999
234961
86861
292573
148783
120557
179107
206281
265037
148793
234977
86923
292601
13721
265079
179119
292627
120569
179143
86929
53051
265093
206303
292661
235003
120587
179167
292667
120607
235007
292673
265123
13757
206347
53087
265129
206351
86969
206369
206383
148867
86993
148873
120647
265157
235051
13789
292709
53113
235069
87037
53129
120677
87041
148921
13829
292727
179269
235099
13831
53149
265207
292753
179281
206447
87071
235111
148931
13841
120709
265231
179287
235117
148933
13859
206467
292777
53173
148949
235159
120721
13873
265247
179321
120737
206483
148961
53197
235177
120749
87119
235181
292807
120763
265271
87121
53231
179357
120767
87133
206519
53233
206527
292837
13903
179381
206543
87151
179383
53267
206551
149027
120817
87179
13913
120823
179407
87181
206593
13921
265337
235273
149053
292879
149057
292909
53281
206603
13933
292921
206623
53299
179437
87221
53309
292969
206627
149077
53323
235337
206639
149087
87251
206641
149099
120871
13999
149101
235369
14009
87257
87277
53377
179479
179483
206749
179497
235439
87293
265459
265471
53401
149119
265483
293081
179527
206783
235447
179533
265511
87317
53411
235483
149153
87323
235489
120919
179563
149159
87337
53437
235493
120929
293099
14071
265543
53441
179579
293107
235519
87383
120941
179581
293123
14083
235523
120943
53479
179591
293129
120947
265567
206827
53503
293147
265571
149213
179603
206879
265579
293149
179623
149239
206887
14143
53527
87427
149249
121001
53549
87433
14153
293177
53551
206909
179657
14159
293179
53569
87473
265621
179659
14173
53591
149269
206917
293207
53593
121021
87491
53597
179689
53609
14207
179693
293221
179717
235661
149323
53617
179719
293257
235663
149333
14243
206951
293261
235673
265739
179743
265747
179749
53633
14251
265757
206993
235699
265781
179801
53653
265787
293311
53657
265807
121139
87547
14293
53681
149377
207017
179813
121151
179819
207029
121157
53699
179827
121171
14327
179833
265847
149399
121181
235787
14341
87587
293399
207061
265861
149411
53731
14347
87589
293413
53759
293431
53773
179903
87623
179909
87629
207113
235813
149423
121267
53783
293453
265891
149441
121283
207127
235871
265957
179939
207139
235877
265961
87643
207169
235889
87649
293473
14411
235891
149491
293483
53831
14419
179953
207191
121321
87683
53857
207197
121327
87691
149503
179969
53861
266023
87697
179981
149519
53881
179989
87701
293599
87719
14447
121349
266029
53891
266047
87739
121357
180007
87743
235979
121367
149533
180023
53899
235997
207257
121369
180043
53917
87767
236017
14489
293639
121379
53923
236021
14503
293651
53927
121403
149561
236053
14519
87797
180073
266089
53939
207301
121421
149579
207307
266093
53951
14537
121439
149603
266099
293701
207329
53959
87833
121441
14543
266111
53987
293717
180137
121447
149627
207341
266117
14549
236087
87869
121453
207343
293729
180179
121469
236107
149689
180181
293749
54011
236111
266137
293767
14557
87881
266153
121493
207371
293773
149713
236143
266159
121501
180233
293791
207377
87911
149717
121507
236153
293803
207401
54059
87917
121523
180241
14593
54083
207409
180247
236207
293831
87943
121547
149749
14627
54101
266261
207443
180263
236219
293863
54121
266269
149767
87973
180281
207457
236231
266281
54139
87977
180287
293899
149791
266291
180289
87991
14653
293941
266293
180307
14657
121579
207479
149827
88003
54167
236293
207481
149837
14683
180317
149839
293989
54193
207497
293999
236329
54217
207509
294001
121621
54251
88069
180347
88079
180361
54277
236377
88093
180371
54287
236381
180379
88117
266381
54293
294029
236387
207523
88129
14737
294043
121661
180413
149909
207541
266411
294053
180419
121687
266417
207547
14753
180437
266447
294067
180463
14759
121711
54347
236461
149939
180473
294103
207563
54361
121721
236471
266477
149953
180491
14771
207569
54367
236477
266479
294131
88259
149969
14779
54371
121763
236479
180503
266489
207593
88261
121787
294157
236503
180511
149993
121789
54401
266521
88301
150001
294169
236519
180539
121853
180541
14821
207653
180547
207661
180563
294199
121883
14831
236563
88339
121889
150061
236573
180617
88379
121909
294223
207679
14851
54443
236609
150077
207709
14867
54449
121931
150083
294241
180647
207719
54469
266671
88423
121949
54493
88427
266677
121951
236653
294251
207743
180679
88463
266681
121963
14891
236659
294269
180701
207763
266687
294277
207769
180731
266689
294289
236699
207797
294293
88493
14929
236701
294311
14939
180751
54539
122011
180773
207811
236713
294317
88523
14951
236723
294319
266759
122027
180793
236729
14969
54563
180799
236737
294341
122033
88591
207847
180811
236749
150217
294347
122039
207869
266821
236771
150221
207877
150223
54601
207923
150239
122051
294383
88643
266863
15053
207941
15061
180907
236783
207947
150299
122081
266891
54631
266897
122099
54647
266899
236813
88663
207967
122117
150323
266909
236867
88667
181001
207971
15091
122147
54679
15101
181019
236879
54709
150373
122167
236881
54713
15121
266947
236891
15131
266953
150379
88741
122201
208003
150383
88747
294509
15139
150401
294523
266971
15149
54751
122207
236909
88789
236917
294551
181087
54773
15173
122219
181123
294563
122231
122251
294629
181157
150431
208067
236983
15199
122267
208073
88807
267017
15217
236993
294647
181193
208099
150473
88811
267049
237011
54851
181199
208111
88813
237019
181201
208121
88817
237043
150503
237053
122323
150517
150523
15263
54881
294703
237071
181219
150533
267139
122347
150551
237073
208141
15271
54917
150559
237089
267167
208147
294751
54919
150571
122387
267187
15287
208189
181277
88873
237143
294757
54941
150583
15289
208207
181283
122393
88883
267203
150587
208213
181297
122399
54959
267217
88897
15307
150589
54973
122401
294781
181303
267229
237173
15313
54979
88919
208253
294787
181361
122449
150649
208261
88937
150659
55001
237217
208277
294799
122453
15329
181397
267277
88951
208279
294803
150707
237257
55021
267299
208283
122477
181421
15349
237271
150743
267301
55051
181439
208319
122489
267307
89003
181457
15361
122497
122501
294893
55061
122503
294911
122509
15377
122527
89021
208367
122533
89041
181501
294923
208379
294947
208387
122561
122579
181523
208391
15401
55109
237319
150827
267391
208393
294953
181549
55117
237331
122599
89071
267401
15427
55127
122609
89083
267403
15439
237343
122611
294989
89087
15443
150869
237361
55163
55171
181607
208441
294997
181609
181619
237379
122663
15467
122693
267433
208459
55213
295033
267439
55217
267451
55219
15493
295037
181669
267469
89123
55229
150901
208469
15497
181693
122741
237487
267479
55243
295049
150907
15511
89153
181717
237509
267481
295073
15527
150919
237547
295079
181729
267493
15541
89203
208511
295081
181739
267497
15551
89209
208513
237571
122777
181751
295111
267511
150961
55331
122789
181757
15569
237581
89227
267517
295123
55333
181759
208529
15581
237607
89231
122827
89237
237619
267523
55339
15601
295153
208577
15607
89269
295187
15619
150991
237673
15629
181787
55351
151007
267557
181789
208591
15641
295201
237689
89293
55373
181813
151013
15643
267581
208609
181837
295219
15647
15649
208627
151049
267593
181873
237707
15661
208631
122869
89329
55439
151051
267601
295277
237733
15667
208657
122887
151057
237737
295283
55441
267611
208667
15671
89371
122891
151091
295291
237749
208673
181919
267629
55487
122921
151121
237763
295313
208687
267637
89387
122929
151141
237767
55511
181943
295319
208697
15731
55529
89399
295333
181957
55541
237791
267649
181967
208721
237821
181981
151163
237851
295363
55579
295387
182009
55589
182011
55603
122971
295411
237859
15749
182029
15761
267677
267679
208787
295429
151201
237883
55621
208799
237901
89459
208807
267719
89477
208837
15787
182059
55639
15791
237929
295441
55661
151241
123049
267737
295459
208877
123059
151243
267739
15803
182101
295513
237967
89519
15809
182107
267763
237971
182111
15817
267781
182123
55681
15823
89527
123113
55691
208927
15859
89533
237977
123121
151303
208931
267803
15877
182141
123127
89563
267811
15881
55717
208933
123143
295571
89567
267829
15887
55721
182167
208961
267833
295591
151343
89591
55733
123191
267857
295601
15901
89597
208991
123203
295663
89599
208993
55787
182209
208997
15913
55793
238039
151381
182239
15923
55807
267893
182243
15937
89627
182261
15959
151397
209039
55817
267901
182279
15971
151423
55819
295727
267907
89653
15973
151429
123259
209071
238103
267913
182309
55837
209089
123269
267929
89659
238109
16001
182333
55843
295769
238141
16007
209147
151471
267959
209159
182341
89671
151477
267961
89681
16057
151483
55889
182387
16061
123323
55897
182389
123341
238159
55901
123373
89759
238163
295837
55903
151517
16069
209201
238171
55921
209203
268063
123397
55927
182443
209213
55931
16087
182453
55933
295853
268091
89797
238207
295861
16097
123427
55967
295871
123433
182473
151553
55987
268153
89819
238223
151561
209249
123449
268189
123457
209257
238237
182509
56009
295879
268199
123479
16139
56039
268207
123491
295901
151597
16141
123493
182537
238267
238291
89867
16187
56081
56087
268253
295937
151609
56093
209311
238313
295943
151631
209317
89899
295949
151637
123527
182587
268283
238331
123547
209333
16223
89917
295961
182599
209353
151667
182603
268297
123553
56131
295993
89939
182617
56149
151681
182627
16253
89959
238373
123583
151687
16267
56171
182641
209393
238417
268459
16301
151703
238423
56197
182657
268487
151717
238439
89983
56207
16333
151729
296047
238451
89989
151733
182681
56237
238463
151769
268507
90007
90011
268519
296099
151783
16363
209471
268529
182711
238481
209477
268531
151799
56267
182713
296129
123677
151813
90023
238519
296137
123701
90031
209519
151817
123707
182773
209533
56311
182779
182789
296183
182803
90059
268607
151847
56359
296201
268613
151849
296213
123731
151871
182821
123733
238573
16427
151883
123737
268643
16433
90073
123757
268661
90089
151901
238627
90107
16451
182857
151903
209569
182867
56417
90127
182887
268729
182893
90149
238657
182899
296269
238673
151939
296273
268747
238681
268757
182927
209621
151969
296287
152003
296299
268771
56467
296347
16529
123853
238709
182953
16547
152027
123863
238723
182957
16553
152029
268783
123887
16561
90199
152039
123911
296369
56489
90203
182981
209669
182999
238747
56503
296437
238759
16603
90227
123941
268817
90239
209701
56519
56527
183041
268823
56531
296477
90263
152083
56533
209717
16631
296479
268843
152093
56543
16633
183067
268861
123983
152111
123989
238841
56591
16651
56597
16657
90313
124001
152147
209771
296509
238859
268909
56611
152183
183151
209789
296519
238877
268913
152189
16691
90371
183167
209801
296551
16693
56659
238883
124097
183191
209809
90379
16699
296561
90397
16703
152219
56671
183247
56681
268973
183259
209819
56687
296579
124133
209821
238921
296581
268993
183283
90437
238939
268997
56711
183289
16759
209851
296591
56713
152267
183299
16763
124153
16787
90473
124171
209861
56737
152293
183307
124181
16823
209887
124183
16829
90499
16831
209917
296669
152311
124199
183329
152363
183343
56779
183349
56783
296687
90529
152381
124247
16883
124249
209953
56809
152389
296713
209959
239069
90547
183377
209971
124291
239081
56821
296729
152407
16903
239087
269131
124297
90599
56827
209983
269141
152419
90617
124301
209987
152423
239147
124303
210011
90619
269167
56857
152429
239167
210019
152441
124337
183451
210031
16943
124339
183461
210037
90647
56893
90659
210053
16979
124349
239201
90677
183479
210071
124351
296797
269201
152501
239233
124367
269219
210101
90703
152531
124427
239243
210109
90709
152533
56923
239251
296831
210113
269237
239263
124447
296833
183523
269251
210127
152563
56941
183527
210131
56951
152567
183569
210139
183571
239297
56963
17041
269317
152599
90803
183581
124489
56989
183587
17053
124493
90823
183593
269341
56999
90833
17093
183611
269351
90841
57037
239357
210187
296969
183661
90847
90863
239383
296971
269383
90887
183691
57059
90901
296981
57073
90907
124567
90911
124577
17137
183707
90917
239417
124601
152681
57089
183709
183713
152717
90947
183761
239429
269413
90971
57107
124643
57119
17183
124669
152729
269429
210247
152753
239441
57139
269431
57143
152767
269441
183809
124679
90997
152777
183823
17203
124693
183829
239489
210277
269473
124699
297067
57173
239509
91019
152791
210283
183877
17209
269519
297079
57179
91033
183881
152819
210317
124721
57191
269539
297097
239539
152821
210319
183917
57193
124739
297113
91097
269561
239543
210323
57203
297133
269573
17293
239557
183943
17299
152839
210359
297161
269597
57241
124769
269617
57251
210361
269623
17321
239587
152851
297191
91129
269641
210391
17327
239597
152857
57271
91139
210401
269663
184007
297247
239623
210403
152897
210407
124793
210421
124799
17351
210437
17359
124819
297257
124823
210461
152909
269713
184039
269719
269723
91159
17383
17387
297289
57331
210481
57347
152941
269749
297317
239689
210487
269761
152947
91183
184073
297359
57367
239699
210491
124907
152953
17401
269791
57373
239711
124909
210499
17417
297377
124919
57383
239713
91229
17419
124951
57389
91237
269879
239731
269887
239737
57413
269891
124981
57427
210533
239753
269897
124987
297421
17467
124991
269923
17471
210557
239779
125003
184157
269939
297439
184181
269947
210599
184187
184189
210601
125029
57493
269981
125053
239803
269987
184211
270001
153067
125093
270029
297469
239831
125101
210643
270031
57529
184241
297481
17497
270037
125107
210659
57557
153073
184259
297487
270059
239849
210671
125113
91331
184271
17519
297503
125117
91367
17539
57571
125119
210713
270097
297523
184291
210719
57593
239873
184309
210731
17569
125141
270131
57637
17573
125149
57641
184333
125183
270143
210761
153137
239929
153151
184351
153191
17597
57667
17599
153247
17609
125207
184409
17623
125219
57689
297613
153269
91423
210811
184441
125231
239963
57709
297623
184463
239977
125261
210827
57719
184477
91457
125269
57727
184487
239999
184489
17681
91463
125299
17683
210853
57737
153313
210857
184517
57751
270239
240017
57773
270241
297683
270269
91513
184553
57787
57791
210901
240043
297707
184567
17737
210911
91571
297727
17747
210913
153353
91573
297757
57829
17749
153359
184609
57839
17761
270323
125383
57847
17783
270329
153379
210943
184631
184633
240101
57859
91621
297809
153409
57881
184651
270371
125423
17827
57899
211007
297841
184687
153437
270407
297853
125453
153443
91691
297881
240151
184703
57923
211051
91703
184711
240169
17863
297889
57943
125497
270443
211061
297893
17881
57947
270451
153487
184727
91753
57973
240203
17891
270461
153499
125509
184733
91757
240209
270463
153509
125527
211073
184753
91771
240257
297953
153511
58013
270509
184777
91781
125551
297967
153521
91801
270527
211151
153523
270539
125597
153529
91811
240287
58049
125617
184837
153533
297991
270551
91813
240319
17939
184843
211187
58061
270553
153557
298013
125627
184859
17957
211199
91841
211213
211217
17971
270583
58109
91909
184913
211229
240379
91921
184949
17987
240421
270601
17989
153623
240433
153641
211241
18013
91943
240437
211247
153649
270631
91951
18041
125687
184993
58153
211271
153689
184997
58169
270659
211283
153701
18047
298153
58171
270667
240491
91967
211291
153719
298157
240503
270679
58193
211297
18061
125717
91969
185051
153733
240509
58199
18077
125731
91997
153739
240517
58207
18089
211333
185063
270709
298187
92003
153749
240571
125743
270719
185071
211349
153757
240587
125753
298211
153763
270749
58231
185089
92041
185099
153841
211403
58243
92077
153871
185131
92083
153877
125803
240623
92107
211433
298247
153887
240631
270797
92111
211441
298261
153889
185153
240641
58337
211457
270821
298283
153911
240659
211469
92143
18191
125897
298303
153913
18199
298307
58369
18211
211499
240701
298327
18217
211501
92173
125921
153941
240707
211507
185189
270913
58393
125927
92177
298343
153947
240719
270923
92179
298349
185233
153949
58411
92189
298369
185243
153953
58417
270937
18251
240733
298373
185267
58427
240739
92219
298399
185291
270961
298409
240743
185299
270967
211583
58441
126001
298411
240763
58451
18269
126011
271003
240769
126013
271013
185323
271021
240797
298451
58477
185327
271027
92237
211639
58481
240811
126023
298477
185359
211643
58511
185363
126031
271057
92251
240841
211661
58543
58549
18313
92297
18329
298579
211681
18341
154079
240869
92317
271109
58579
271127
211693
154087
58601
211711
185467
58603
185477
58613
92347
126097
18379
185483
154111
240893
298607
271169
58657
92357
240899
298621
271177
126131
154153
18413
185527
58679
240943
298651
126151
185531
211777
154159
185533
126173
271217
298667
211781
58693
154181
271231
240959
126199
298679
211789
154183
271241
185551
240997
154211
126223
154213
271261
211811
126227
271273
92401
18457
154229
271277
58733
298691
271279
58741
92419
211859
298693
271289
58757
211867
92431
126241
185599
298709
271333
18493
241051
92459
185621
126257
154277
58771
271351
18503
241061
92461
185641
211879
126271
58787
271357
241067
18517
298757
185651
58789
211891
18521
185677
58831
18523
211927
185681
154333
18539
126317
298777
271393
241093
211933
271409
154351
126337
298801
271429
18583
185707
271451
211949
185711
271463
92557
211969
185723
18593
241141
92567
241169
126397
58937
271489
92581
154417
212029
126433
18661
212039
126443
18671
241207
271501
126457
185753
298861
241229
271517
58967
185767
271549
185789
126473
18701
126481
18713
126487
18719
271571
298937
154487
185813
212117
58997
92641
271573
241259
185819
126493
59009
92647
271597
185821
298993
212131
59011
126499
271603
154523
92657
185831
241291
18757
126517
299011
271637
92669
185833
59023
18773
299017
126541
212167
271639
92671
154573
18787
299027
212183
92681
271651
154579
299029
92683
212203
154589
185873
59053
299053
241333
154591
59063
126583
271703
18803
92699
299059
59069
154613
126601
212227
241343
18839
271729
154619
185917
59083
241361
18859
154621
185923
299099
241363
271769
18869
154643
59107
299107
241391
18899
126631
212281
59113
18911
241393
92737
126641
271787
185951
18913
212293
126653
299147
185957
241429
212297
185959
185971
241441
126691
212369
185993
299191
59159
212383
186007
154723
299197
212411
241463
92789
299213
154727
126719
212419
241469
271853
186019
299261
154747
212437
19009
212447
186037
126743
212453
186041
271879
126751
154769
19031
59219
271897
126757
92831
186071
59221
212467
299317
154789
59233
271919
241537
271927
19069
186103
126823
92861
59243
212501
19073
186107
59263
59273
126839
92867
59281
126851
19081
299359
271969
186119
154841
59333
241567
19087
126857
212561
271981
241589
19121
92921
299389
212579
92927
272009
186161
154873
59357
19141
299393
126923
212593
299401
126943
92951
241639
126949
299417
92957
241643
212633
126961
92959
186191
299419
212651
126967
92987
19181
154927
272059
241667
92993
186227
19183
154933
272093
299471
241679
154937
59399
186239
93047
127033
212677
241687
186247
93053
154981
19213
212683
241691
93059
59417
186253
154991
93077
212701
59419
19231
59441
212777
272179
241727
19237
127079
186271
155009
212791
19249
59447
93097
19259
212801
186299
155027
212827
299527
19273
155047
212843
19301
93133
241793
299569
272227
155083
186343
241807
127139
272231
299617
241811
212869
93169
299623
59513
19379
186391
241823
212881
186397
155153
19387
241847
299671
272267
186419
212897
241861
19391
93199
155167
127207
299681
59567
272269
212903
186437
241867
19403
155171
93229
59581
212909
186451
155191
93239
59611
19421
272299
186469
241877
127241
59617
93241
19423
272317
241883
93251
59621
19427
272329
212969
155209
59627
19429
186481
59629
212981
155219
93257
241907
186551
127261
299731
155231
241919
59659
212999
272347
299743
186581
127277
93283
299749
241931
213019
272351
19457
241939
213023
272353
59671
127297
155299
299807
213043
155303
272369
186619
155327
93323
19471
213079
299857
93329
59707
272383
241981
93337
59723
186647
93371
155371
241993
59729
155377
19489
59743
213119
93383
19501
155381
272411
19507
299903
213133
155383
59753
272417
186679
299909
213139
155387
93427
59771
272423
19543
242083
213149
59779
155399
19553
242093
127447
213173
155413
272453
186707
19559
242101
299951
59797
93481
242119
19571
127481
59809
272507
213193
242129
93487
299977
155453
186733
213203
93491
242147
299983
19583
186743
93493
59863
272537
213209
299993
186757
155473
59879
272539
186761
19603
127529
213217
155501
93503
242173
213223
186763
19609
155509
93523
186773
213229
127549
272567
155521
59929
186793
272581
242227
19681
93553
127583
93557
272603
242243
272621
186841
19697
155557
93563
127601
155579
59999
127609
155581
186877
19727
60017
186883
213307
127643
242309
60029
186889
213319
19751
60037
242329
93637
127657
19753
60041
272737
127663
155621
213337
19759
93701
60077
127669
186959
213349
60083
127679
60089
187009
155657
60091
93739
60101
272777
213383
19801
242419
127703
155671
19813
60107
93763
242441
272809
93787
272813
242447
19841
60133
272863
127717
242449
187073
155707
242453
19853
93827
272887
155717
242467
60161
213467
242479
127739
93871
60167
213481
242483
19889
272927
127747
155741
213491
60209
127763
187133
272933
155747
60223
187139
213533
242519
127781
155773
19913
187141
213539
60257
242521
127807
93913
187163
242533
93923
60271
93937
187177
242591
155809
127837
60293
242617
242621
19963
127849
93971
155849
213613
127859
60343
93979
187219
19979
242639
213623
60353
187223
155887
242647
19991
213637
60373
127877
187237
94007
213641
242681
127913
187277
213649
20011
60413
213659
127931
20021
60427
94049
127951
242729
213721
60443
213727
60449
156059
20047
127997
20051
156071
60497
242779
213791
156089
128047
242789
213799
20089
60521
242797
213821
94117
156119
242807
60527
60539
242813
128113
20113
242819
128119
20117
60601
94169
128147
213859
156151
242867
94201
128153
60611
94207
156157
242873
20129
213887
60617
94219
156217
242887
213901
60623
94229
20147
128201
156241
94253
213929
20149
60637
242927
60647
20161
128213
94273
242971
60649
128221
94291
60659
242989
213949
128237
213953
156319
213973
243011
156329
94321
213977
243031
60703
128273
213989
20231
60719
156353
214003
243077
60733
156371
20249
156419
20261
94351
156421
128321
94379
243109
156437
128327
243119
20297
128339
156467
243121
20323
128341
60779
20327
128347
214051
20333
243149
20341
94427
20347
94433
214069
20353
243161
128389
94439
60859
20357
156539
243167
94447
243197
94463
20369
128411
243203
156589
60887
214133
94477
20389
156593
60889
214141
243227
156601
20393
94483
60901
214163
243239
60913
156623
243259
60917
128461
20407
156631
243263
214213
60923
214219
60937
20431
94543
243311
60943
128477
156671
20441
214243
94547
60953
20443
214259
214283
20479
128509
214297
243401
61007
156691
128521
20507
94597
156703
214351
128549
20509
94603
61031
20521
214363
94613
61043
243431
214373
20543
94649
94651
243437
20551
156733
94693
94709
94723
61121
214433
20599
156781
94747
156797
243479
61151
94777
243487
20639
128659
214463
243517
128663
94789
156823
214469
128669
61223
94793
214481
243533
128677
20693
94811
61253
128683
20707
243539
128693
20717
243553
61283
156901
214517
61291
20731
243583
128761
94847
61331
128767
214541
94849
156967
214559
128813
243613
156971
128819
243623
61343
214589
157007
243631
214603
157013
94907
214607
157019
128837
61379
94933
243647
157037
214639
157049
94949
20807
214651
20809
128873
61409
157057
20849
214663
243703
94993
128903
20857
94999
157081
95003
128939
61463
243709
157103
214691
20879
128941
20897
128959
61483
20899
128969
214733
61487
157133
128971
243799
61493
128981
20921
243829
95087
214763
243839
61511
128987
157177
214771
20939
243851
95093
157181
128993
243857
61543
20959
243863
214789
243871
95111
129023
214807
20981
129037
61559
214811
20983
157217
243911
214817
95143
21001
129061
95153
214831
21011
157229
61603
243953
129097
214853
129113
95191
157243
61613
243989
21019
214867
95203
21023
61631
95219
21059
95231
21061
95233
244033
157273
21067
214939
61651
95239
129187
214943
244087
95257
157279
21101
214967
95261
157291
129197
61673
129209
95267
157303
21121
214993
129221
157307
21139
129223
95287
21157
61723
21163
215087
157351
244157
129281
61729
215123
95327
157363
21179
129289
21187
157393
244177
61757
157411
215153
157427
21193
129341
244217
21211
157429
244219
61819
21221
129361
215183
95413
244243
21227
61837
215191
129379
244247
157483
129401
95429
244253
21269
61861
95441
244261
21277
215249
61871
95443
129419
215261
61879
95461
129439
244301
95467
215279
244303
61927
215297
129449
21319
244313
215309
21323
244333
95483
61949
157571
215317
244339
129461
95507
129469
215329
244351
61967
95531
61979
129497
95539
61981
244367
215353
157639
95549
21391
61987
129509
215359
95561
21397
244381
129517
157667
215381
21401
157669
215389
157679
95597
129533
95603
157721
215399
244411
62039
157739
244423
244429
129587
21487
215447
95633
215459
62071
215461
95701
21499
62081
215471
129629
95707
129631
215483
95713
21517
129641
215497
129643
62129
215503
21523
129671
62131
215507
21529
129707
157841
215521
95737
62141
157867
95747
215531
62143
129733
95773
215563
157889
21563
62171
215573
157897
21569
95789
62191
129757
62201
215617
95801
21589
129769
95803
215653
21599
62213
95813
157951
215659
129841
215681
95857
157999
62273
129853
21617
129887
215689
158009
62299
215693
158017
62303
129901
95891
21661
158029
62311
129917
95911
21673
62323
129919
158071
129937
95923
129953
21713
158113
62351
215801
95947
158129
62383
215827
129971
95957
21737
215833
130003
95959
21751
62423
130027
21757
215851
95989
215857
62467
158201
62473
96013
130069
21799
96017
130073
21803
62497
158233
96053
130087
21821
96059
158243
130099
62507
21839
21841
96097
158269
62539
96149
21859
158303
62549
21863
21871
158341
158351
62591
21881
96179
158357
21893
158359
62603
21911
96199
62617
96221
21943
62653
96259
158429
62659
21991
96269
21997
62683
96281
22003
158489
22013
62701
158507
22027
96323
158519
22031
22037
96331
158537
96353
158563
96377
22063
62791
22073
96431
22079
62827
22091
96451
22093
96461
158617
96479
22129
62897
96487
22133
62903
158657
22147
62921
158663
22153
62927
96517
62929
96527
22159
62939
22171
62969
22189
62971
62981
22229
62983
22247
96643
62989
22271
96661
22273
96667
63059
22283
96731
22303
22307
63097
96739
22349
96749
96757
63127
63131
63149
22397
22409
63179
96797
22433
96799
63197
22441
22447
96823
96827
63241
22481
96851
96857
63281
96893
22511
63299
96907
96911
22541
63313
63317
22549
96953
63337
22571
96973
22573
63353
96989
22619
22621
63367
22637
97001
22639
97003
63389
97007
22669
97039
63397
22699
63421
97117
97127
22721
97151
97157
22739
97169
63487
97171
22769
63499
22783
22787
63533
63541
63559
22853
63577
97301
63587
22861
63589
63599
97367
22877
63601
97369
22907
97379
63611
22921
97381
63617
22937
97387
22943
97397
22961
63647
63649
22973
63667
97453
23003
97459
63671
23011
97463
23017
63689
97501
23027
63697
23029
63703
63709
63719
23057
97553
63727
23059
97561
63737
23063
63743
97579
63761
23099
97607
23117
97613
23131
97687
23173
63841
63853
97771
63857
97777
97787
23227
63901
97813
63929
97841
23291
23293
97843
23297
63977
97847
97849
23321
23327
64013
23333
97871
97879
64037
23371
97919
64067
23399
97927
23417
97967
64123
97973
23497
64151
97987
23531
23539
98041
64189
23557
98081
23563
64223
98101
98123
98129
23593
98143
98179
23603
98207
23609
64301
98213
23623
64303
23627
64319
23629
64327
23663
64333
64373
98269
23671
64381
98297
23677
64399
98299
64433
98323
98347
23747
64453
64483
98387
23767
64489
23773
64499
98407
23789
98411
64553
98429
64567
23827
64577
98459
23831
64579
98467
23833
64591
98473
64601
98491
64609
98507
23879
64613
98519
23887
64621
23899
64633
98561
23911
23917
64667
98639
23977
98641
23993
98669
24001
98689
64781
24023
98729
98737
24061
98773
24077
64871
24083
64877
98849
24107
24109
98867
98873
24133
64927
98893
24137
64937
98897
64951
24169
24179
64997
24181
65003
65011
24203
65027
24223
65029
65053
98981
24251
65063
65071
99013
65089
24337
65101
24371
99053
65111
65119
99079
65123
99089
24391
65141
65147
24413
99119
24419
65167
24421
99133
24439
65173
99137
24443
99139
24473
99173
24481
99181
24499
24517
99233
24527
65267
99241
65269
99251
24533
24547
65293
24551
99259
24571
99277
65323
65327
99317
24623
65353
65357
65371
99391
24691
24709
65413
99409
24733
99431
65423
99439
24763
65437
99469
99487
24781
65449
24793
24799
65497
24809
99551
24821
65537
99559
65539
99563
24851
24859
99577
24877
24889
65581
65587
24919
99643
24923
65609
65617
24943
99667
65629
24953
24967
65647
99707
99709
99713
24989
65687
25013
99721
99733
25033
65707
25037
65713
99767
65717
25087
65729
99817
65731
25111
65761
25117
99829
25121
99833
65789
25127
99839
65809
99859
25153
65827
25163
65831
99877
65837
65839
99901
65843
99907
65851
65867
99929
25229
99971
25243
65899
99991
25253
65929
100019
65957
25307
100057
65963
100069
25321
100103
100109
25343
66041
100151
100169
66071
100183
25409
100189
25411
100193
66103
25423
100213
100237
66169
100279
25469
100291
100297
25523
66191
100313
25537
66221
100333
100357
66271
66337
100391
25601
66343
25603
100403
100411
25621
66361
100447
100459
66377
100469
66383
25667
66403
100493
25679
25693
25703
25717
66463
25733
25747
66499
25759
66509
25771
100591
100609
100613
25799
25801
66553
100649
66569
25841
100669
100673
25849
25867
25889
100733
66629
25903
100747
25913
66653
100769
25919
66683
100787
25931
25933
66701
100801
25939
66713
100811
25943
66721
100823
66733
100829
25969
66749
100853
66751
25999
100913
66763
26017
100931
66797
26021
100937
66809
100957
66841
100987
66853
26107
66863
26113
101027
26119
101051
26141
66889
26153
101081
66919
26161
66923
26183
66947
26189
101117
26203
66959
101141
26209
66973
66977
101159
67003
26249
101173
67021
67033
101203
26267
67049
26293
67057
101209
101267
67079
101279
26339
101281
26347
101287
26357
67129
101323
26387
26393
26399
101347
67157
101359
101377
26423
101383
26431
67189
26437
67219
101449
26489
26497
67247
101477
26501
101483
101501
26557
101513
67307
101527
26591
67339
26597
67343
101533
26627
101537
26633
67369
26641
67391
26647
101573
101581
26669
67409
26681
67411
67421
67427
26699
67433
26711
26713
67453
26717
67489
26731
26777
67531
26813
67559
26833
67567
67579
26861
67589
67601
67607
67619
26893
67631
26903
26947
67709
26951
67723
26953
67733
26981
67751
67757
26993
67759
27011
27017
67777
27031
67783
27043
27059
67801
67807
27067
27073
27077
67843
67853
67867
27109
67883
27127
27143
27179
27191
27197
27211
27241
67957
27253
27271
67987
27281
67993
68023
27299
68059
68087
68099
27407
68111
27409
27427
68147
27449
27457
27479
68207
68209
68213
68219
27509
68227
27527
27529
27539
68261
27541
27551
27581
68311
27583
68351
68371
27631
68389
27653
68447
27701
68473
27737
68483
27739
68491
68501
27751
27763
27767
27779
27793
27799
27851
27883
27901
27919
27941
27943
27967
27997
28051
28057
28069
28099
28109
28123
28151
28183
28219
28229
28277
28279
28283
28289
28297
28309
28351
28403
28411
28429
28433
28439
28463
28499
28517
28537
28547
28571
28579
28591
28597
28619
28643
28657
28661
28663
28723
28759
28771
28817
28859
28871
28901
28933
28949
28961
28979
29009
29021
29023
29027
29033
29059
29063
29147
29167
29173
29191
29209
29221
29251
29269
29287
29303
29339
29347
29363
29383
29389
29399
29411
29423
29437
29443
29473
29483
29527
29531
29569
29573
29587
29599
29633
29669
29671
29683
29753
29759
29803
29819
29837
29867
29873
29879
29881
29959
29983
30011
30013
30047
30071
30113
30133
30139
30181
30197
30203
30211
30223
30259
30269
30271
30307
30313
30323
30341
30347
30389
30391
30427
30449
30467
30491
30497
30509
30517
30529
30553
30557
30593
30631
30643
30649
30661
30697
30727
30757
30773
30841
30869
30881
30937
30949
30983
31033
31039
31079
31081
31151
31153
31183
31219
31237
31247
31271
31321
31327
31333
31357
31387
31393
31397
31469
31477
31513
31531
31541
31543
31547
31567
31583
31601
31627
31649
31657
31663
31667
31699
31721
31727
31771
31793
31817
31847
31873
31883
31963
32003
32009
32027
32051
32069
32077
32089
32119
32141
32143
32159
32183
32213
32237
32297
32303
32309
32353
32381
32401
32411
32423
32497
32503
32507
32561
32569
32587
32603
32609
32611
32633
32687
32693
32707
32713
32719
32749
32771
32783
32789
32803
32839
32843
32869
32911
32941
32957
32969
32983
33013
33023
33029
33049
33053
33083
33091
33107
33149
33161
33181
33199
33203
33211
33223
33247
33287
33289
33317
33329
33343
33349
33353
33359
33391
33403
33409
33427
33461
33469
33487
33503
33521
33547
33563
33577
33587
33589
33601
33617
33619
33637
33679
33713
33739
33749
33757
33769
33809
33811
33827
33829
33851
33871
33889
33911
33923
33931
33937
33941
33997
34039
34057
34123
34127
34129
34157
34159
34171
34267
34297
34319
34327
34361
34369
34381
34421
34429
34457
34487
34513
34543
34583
34589
34591
34607
34631
34649
34667
34673
34693
34703
34747
34763
34807
34841
34847
34883
34913
34939
34949
34961
34963
34981
35023
35027
35053
35069
35083
35089
35099
35129
35141
35153
35159
