215893
158731
273029
158747
2
273043
215921
158749
101611
215927
35201
101627
273059
187303
158761
215939
187337
11
101653
187339
35227
273073
101663
68539
187349
244463
130183
187361
215983
101693
19
35267
244481
68581
130201
101701
158849
187379
130211
244507
101719
35291
158867
216061
130223
68633
187393
273131
244529
101723
158881
68639
130241
41
35317
273149
216091
101737
187417
130253
244561
158923
101741
35327
158927
35339
101747
53
187433
244583
35353
187441
59
244589
130267
68699
35363
216119
158981
130279
244603
273253
67
187469
130303
68713
244619
273269
216133
187471
71
130307
68729
35401
159017
273271
216149
101833
130337
35407
187507
244667
101837
159059
68749
89
187513
273283
244687
159073
68767
130363
35437
97
101863
273289
68771
187547
130367
101
35447
101869
273311
130369
103
244721
35449
159119
68791
273313
107
244733
35461
68813
187631
159161
216289
35491
273349
68819
127
101921
35507
244759
159169
187637
35509
273367
159179
187639
35521
137
216329
68879
187651
273457
139
159193
35531
216347
68881
187661
244837
273473
149
101977
216371
130469
68897
159209
244841
273503
216373
130477
68899
187699
102001
216379
130483
159227
68903
167
102013
130489
273521
173
159287
68917
273527
187751
102023
244877
159293
68927
273551
187763
181
35617
244889
102043
191
159319
68963
244897
35677
130547
159337
187823
197
102061
35729
244939
69011
187843
273629
130579
159349
35731
216523
244943
211
102077
187861
69029
130589
159361
244957
216551
223
187871
273653
159389
35759
69061
130621
187877
216569
102107
159407
245029
35797
216571
35801
245033
102121
69073
187897
216577
273719
159431
102139
245039
187907
251
216607
273727
245071
187909
35831
130649
187921
69127
102161
35837
187927
159463
216641
69143
102181
245087
273773
130657
187931
69149
216647
130681
277
35863
187951
102197
69151
159491
273797
216653
35869
102199
187963
283
245149
159499
69191
216661
102203
273821
35897
293
187973
245171
102217
245173
216703
35911
130783
313
159541
69221
188011
273881
317
35933
159553
216731
188017
102241
273899
331
69239
159563
245251
273901
337
216751
159569
188029
35969
102259
273913
69257
216757
159589
130829
102293
159617
353
102299
359
273929
159623
216779
69263
130843
367
245291
35993
159629
188147
69313
373
130859
245299
216787
35999
159631
273967
188159
245317
102359
69337
159667
36011
102367
273979
216803
245339
69341
130957
273997
216829
188189
36017
159673
69371
130969
245389
102407
401
216851
159683
36061
69383
245407
274033
188261
130981
419
159701
102437
274061
36073
69401
421
188281
159707
245419
216899
102451
274069
131009
36097
188291
159721
245437
69427
36107
274081
131011
102481
439
245471
69431
36109
159739
131023
443
216917
245473
188303
69439
102503
245477
274117
457
102523
131063
188317
102533
131071
274123
245519
216973
36187
245521
463
188333
69473
216991
102547
36191
131113
159791
245527
274147
467
217001
36209
131129
102563
159799
274163
36217
131143
102587
69497
217027
491
188389
36229
131149
102593
274177
159833
217033
245587
36241
69539
503
159839
274187
245591
36251
69557
188417
131213
102647
36263
69593
131221
36269
159869
131231
245627
36277
274213
102667
159871
217117
69653
245629
547
36293
274223
102673
159899
131251
188459
217121
557
102677
69677
245653
131267
159911
217157
131293
274259
217163
36313
102701
245681
69697
36319
188519
131303
159977
245711
131311
69737
245719
587
188533
36343
217201
102769
160001
36353
188563
131321
274301
160009
36373
188579
599
102793
131357
245747
217219
160019
69767
102797
131363
245753
607
160031
274357
188609
69779
102811
245759
131381
188621
69809
617
131413
217253
188633
274403
245783
131431
217271
188653
245789
274423
102859
36469
631
160081
188677
217307
245821
641
69833
643
188687
69847
647
160091
217313
69857
160093
69859
36497
274457
160117
69877
36523
274471
131477
160141
102911
69899
217337
661
274517
36529
160159
69911
131489
102929
188719
36541
274529
160163
69929
217351
677
245941
36551
160169
102953
69931
188753
217361
36559
691
188767
36563
188779
245981
69959
131543
217367
160207
709
36583
217369
274627
719
217387
160231
246011
188827
103043
160243
188831
131591
217409
733
70003
103067
246049
739
70009
36637
188843
103069
160313
246073
743
217429
36643
70039
160319
131641
246097
751
188861
36653
217439
70051
274723
160343
103093
70061
217457
103099
160357
246121
188869
217463
160367
103123
188891
70079
217489
773
274777
103141
246133
188911
160387
274783
36697
160397
70111
217517
274787
797
160403
103177
217519
36713
809
188933
70121
36721
131743
160423
188939
217561
36739
70123
160441
821
188941
103231
246209
70139
36761
217577
188953
103237
274837
160481
188957
131777
246223
36779
160483
188983
70157
246241
217619
36781
274847
103307
246247
853
70163
217643
274853
160507
189011
70177
160541
274861
859
189017
103349
217667
70181
160553
131839
189019
36821
70183
131849
189041
36833
217687
70199
246317
881
103391
36857
274931
103393
70207
36871
189067
103399
217717
70223
160621
131899
36877
103409
274951
189127
70229
911
246361
160627
131909
36887
217733
103421
189139
929
36899
217739
189149
36901
103423
217747
189151
36913
160649
246403
103451
941
70271
160651
274993
189187
131939
217781
246439
160663
36929
246469
953
217793
70297
36931
275027
103483
160681
70309
246497
971
189229
217829
275047
131969
160709
246511
132001
70327
160711
189251
160723
991
132047
275083
189257
70373
37003
246539
997
160751
103567
189271
132059
275129
217909
246557
37019
103573
70393
189307
275131
132071
217933
189311
132103
37039
160789
70429
246599
1031
103591
275153
217969
160807
132113
70439
246607
103613
217979
37061
189349
1049
246611
217981
189353
1051
275167
132151
160829
70457
218003
160841
37117
189377
218021
1063
160861
103657
189389
70481
218047
37139
160877
246643
189391
37159
218069
160879
246661
70489
189401
37171
160883
132229
246683
103699
218081
70501
37181
275269
160903
1103
246689
103703
189421
218083
160907
132247
1109
103723
189433
160933
37201
246709
70549
1117
103769
275321
189437
160967
37217
275323
103787
1129
189439
218117
275339
246739
189463
218131
70583
103811
275357
246769
37253
1153
70589
160997
132299
218137
103813
275371
246773
1163
189473
70607
246781
132329
218149
161033
275393
246787
1181
132331
161039
189491
218171
70627
1187
132347
37321
218191
246809
275423
1193
132361
37337
246811
275447
37339
189517
103913
70663
161071
1213
275449
246817
132371
189523
70667
275453
37361
246833
218249
275459
37363
246839
103951
1223
132403
161123
189547
37379
275489
70717
218357
103967
1231
37397
161141
275491
218363
103969
132437
70753
275503
246919
189593
103979
37423
246923
275521
246929
132491
275531
132499
1279
275543
103993
132511
37463
161221
103997
218417
189619
132523
70843
1291
161233
132527
275579
37493
161237
132529
275581
37501
70853
104021
218437
132541
37507
189671
1303
161281
247007
1307
161303
104047
247031
37517
132589
275599
70879
1319
161309
104053
189701
37529
218461
275623
247069
161323
132611
70891
1321
189713
37547
104089
132619
70901
1327
275651
161339
189733
37549
70913
132623
1361
247141
104113
37561
218521
189743
132631
161377
247183
70921
218527
275677
189757
1373
37571
70937
247193
218531
161407
132647
37573
247201
275711
161411
104149
1399
70951
189797
218551
161453
275719
247229
132667
70957
104173
218579
275729
1427
189817
70969
37607
161461
132679
247249
104179
275741
1433
37619
132689
104183
218611
70991
247279
161503
218623
70997
104231
247301
1453
37649
218627
189877
247309
71011
37657
161527
275827
132709
189881
247337
104243
161531
1481
275837
71039
218641
132721
37691
247339
104281
1483
161561
37693
189913
161563
1487
71089
218677
37717
218681
189947
161573
104309
1493
247381
189949
37781
132761
161599
247391
189961
37783
218719
71143
132763
104323
247393
1523
132817
104327
275939
189977
247409
1531
161639
132833
104347
71161
37831
275963
247433
161659
189989
71167
37847
104381
247439
1553
218797
161683
71171
275981
37853
247451
1559
132863
161717
37861
275987
71209
190051
104417
161729
247501
275999
161731
190063
132893
218839
104459
161741
190093
1583
37889
132911
104471
218843
247531
161743
37897
276019
71261
1601
247547
161753
132947
190129
71263
1607
104513
218873
132953
218887
161771
247579
37963
71293
218923
276043
104537
247591
1613
37967
132967
161779
218941
276047
104543
247601
71329
161783
132989
218963
1627
133013
133033
247609
276083
38011
133039
71341
1657
71347
218987
161869
38047
218989
190297
161873
38053
276137
218993
161879
71359
276151
219001
161881
190313
71363
219017
276173
1693
161911
38113
247693
104651
276181
133097
190331
71389
1699
219031
247697
133103
71399
219041
133109
71411
190357
38167
104681
1721
38177
1723
104683
38183
276209
247729
71419
161971
219071
190387
133169
219083
38197
161983
71437
38201
247769
190403
38219
71443
276247
133187
219097
247771
1759
162007
104717
38231
71453
276251
133201
190471
162011
219119
1777
104729
71473
38239
247811
1783
219133
162053
104743
276277
133241
190523
162059
38273
104759
1789
71503
276293
133253
190529
104761
1801
162091
71527
276319
247873
219187
133271
1811
162109
104779
276323
247879
38303
1823
162119
71549
104801
219223
38317
190577
1831
247901
276343
38321
133283
104827
162209
190579
247913
38327
219277
276347
1861
71593
104831
133303
247939
190583
38329
1867
276359
133319
247943
38333
190591
219293
276371
133321
162257
38351
219301
104879
71663
162263
104891
71671
71693
247997
276401
71699
219353
190639
1889
247999
162287
38431
133351
276443
162289
38447
133379
190657
276449
104953
71713
1913
219377
276461
162343
190669
71719
133403
219389
276467
162359
38461
71741
248063
104987
1949
219407
276487
162389
38501
71761
104999
1951
276499
71777
219433
248077
190717
219437
162419
248089
38561
133481
1979
71807
276517
248099
38567
190763
38569
219467
190769
276553
162473
71837
162493
133541
219503
38609
71843
276581
248141
2003
38611
219517
190793
162517
248161
105137
2011
71861
38639
190807
276589
248167
133583
38651
162527
71867
248177
162529
219547
190823
2039
105211
71881
219577
38671
2053
133633
190837
38677
219599
276637
162577
276671
2069
38699
219613
71917
2081
190889
105253
38707
71933
2083
38711
162623
133691
190901
38713
105269
219649
2089
38723
105277
276763
133709
71963
248293
38729
105319
2111
276767
71971
190921
38737
248299
105323
219683
162677
71983
133723
219689
162683
71987
2131
105337
162691
219707
38767
276817
191021
133769
219721
248351
162703
72019
2143
248357
219727
276823
72031
191033
2153
248371
72043
2161
162727
133811
105373
72047
162731
276833
191047
162739
248407
162749
105389
276847
105397
133843
2207
72077
38861
162787
133853
219767
38867
72089
38873
276901
191119
162821
38891
276907
72091
248477
162823
133877
248483
191137
105467
133919
191141
72103
248509
162839
38921
191143
72109
276929
191161
105499
276949
72139
248537
105503
38933
133967
191189
219839
162859
248543
105509
38953
2281
72169
133979
191227
276977
162881
248569
2287
219851
72173
133981
105527
38971
162889
248579
219871
72211
133993
277007
105529
248587
162907
219881
133999
277021
105533
39019
219889
2311
134033
191281
39041
2333
72229
191297
162947
277063
248621
72251
191299
105563
277073
72253
162973
219931
39079
134053
162989
219937
39089
248641
219941
39097
277097
72271
134077
2357
105613
277099
248683
191413
2371
219953
105619
134087
39113
248707
191441
2377
105649
134089
39119
248719
219971
2381
134093
248723
191449
219977
163063
2383
134129
277183
219979
72353
2389
134153
39157
277213
163117
219983
134161
2393
39161
191461
163127
105691
248783
220009
277223
134171
2411
277231
134177
191473
2417
39181
248797
105733
134207
191497
163169
105751
220057
248821
134219
72467
39209
248827
105767
72469
2447
277273
248839
163199
39227
220141
2459
134257
248851
72493
191533
163211
39229
220147
248861
134263
191537
39233
248867
134269
105863
191551
277301
2477
39239
163243
191561
277309
105883
2503
39241
163249
248887
191563
105899
39251
220177
72559
163259
105907
134333
191599
105913
39301
2543
163309
72613
220217
248909
105929
39313
39317
105943
2551
39323
72643
105953
163351
277429
220291
2557
191669
134359
249017
39341
72647
105967
163363
277483
220301
2591
249037
134363
39343
72649
249059
163393
2593
105977
134369
39359
191689
249079
2609
163403
220327
72671
249089
277513
220333
2621
163411
134401
72679
106019
134417
277547
249107
134437
277549
134443
220361
277567
106033
249131
72707
39409
163477
106087
249133
72719
134489
220373
277579
249143
191773
134503
106109
2671
72733
39443
220399
134507
191791
72739
220403
163517
134513
191801
2683
39461
72763
106129
277637
191803
163567
220421
2687
277639
106163
39503
163573
220447
72797
2689
277643
106181
39509
191831
134593
249287
191833
106187
72823
249311
220471
163621
39521
106189
2707
134609
220511
72869
249329
191899
106207
134639
163637
72871
2713
191903
106213
39569
163661
220529
134677
249377
2719
277741
191911
39581
163673
249383
39607
163679
220543
134683
39619
191953
2741
249419
134699
277757
106277
39631
249421
163733
134707
277787
2753
106279
39659
249427
220573
72937
191999
106291
163771
192007
134741
106297
163781
192013
72953
277813
106303
72959
249439
39703
163811
277829
2791
106307
72997
249497
163841
39727
2797
134807
106319
192047
220673
163847
39733
73013
2801
134837
192053
277883
106331
249517
2803
277889
192091
192097
277891
106349
2819
73037
134851
192103
220699
106357
2833
73039
39761
249539
163861
192113
277903
2837
73043
249541
106367
163871
2843
192121
277919
249563
220757
106373
39791
163883
134909
277961
192149
249589
163901
192161
277993
249593
249607
220789
134921
73127
39827
106417
134923
278017
39829
249659
2897
73141
2903
73181
192193
2909
163981
2917
106441
134989
39847
163987
39857
39863
106451
220859
278063
163993
135007
39869
106453
249727
220861
73259
39877
249737
106487
278087
164011
220873
39883
135019
192259
249749
106501
73291
2963
39887
135029
278119
220879
106531
164051
39901
2969
192271
106537
164057
39929
135049
2971
249811
73331
164071
39937
2999
192317
249827
278149
135077
3001
192319
73361
164093
106619
3011
249853
164113
39979
278207
135119
278209
3023
192343
135131
220933
249859
164147
73379
278219
192347
40009
135151
249863
220939
40013
106657
135173
249871
3061
40031
73421
220973
278233
192377
164183
135181
249881
40037
73433
278237
249911
40039
221047
192391
164201
135197
249923
221059
278269
3109
249943
73471
278279
40087
135211
249947
73477
221071
40093
164239
249967
106727
73483
278329
40099
221077
3163
135241
164267
40111
221083
73523
3167
164279
106751
40123
221087
135271
3169
192529
250007
73547
40127
164299
106759
164309
192547
221159
106781
73561
221171
106783
135301
250037
40163
106787
3209
135319
40169
192571
221197
250049
40177
135329
73597
106823
192581
3221
250051
40189
73607
278489
106853
3229
250057
40193
73609
192587
278491
135353
164419
3251
250073
106861
40213
73613
278497
192601
3253
135367
106867
40231
3257
278501
250109
106871
221239
135389
40237
278503
250123
73651
135391
3271
192617
164449
106903
73673
221261
250153
40277
73679
106907
250169
164477
192631
135427
3307
278561
40289
221303
106921
250199
164503
73693
192637
135431
278563
40343
250253
164513
3323
106949
135433
278581
250259
192677
164531
40357
221327
73721
3329
106957
250267
278591
192697
40361
135461
73727
164587
40387
3343
106963
221399
192737
135463
250301
221401
73757
192743
135467
278617
3359
250307
106993
164621
192749
40429
278623
3361
164623
107021
192757
3371
40459
107033
250403
164653
40471
135511
250409
192781
221461
164663
250423
135533
192791
40487
40493
164683
135559
192799
221477
40499
164701
73867
107077
250451
3433
164707
73877
135581
40519
3449
164729
73883
250499
221509
107101
73897
250501
278743
192853
135599
3463
107123
3467
164771
40559
164789
107137
278767
192877
73943
221549
40577
192883
3499
73951
278807
107183
250643
3511
135617
221581
107197
250673
3517
164837
221587
40597
192917
3527
164839
278819
40609
107209
135637
192923
164881
278827
3533
107227
135647
221623
74021
278843
40637
250709
135649
3541
40639
192961
278849
250721
221657
107269
74047
135661
3547
40693
192971
278867
250727
221659
107273
164987
3557
192977
250739
40699
135697
107279
3559
250741
221677
40709
74093
135701
165001
250751
107309
278891
74099
192991
3581
221713
250753
107323
278909
165047
3593
107339
3607
107347
193013
107351
3613
74143
165059
250793
193031
107357
221729
165079
278981
193043
107377
74159
165083
3631
250829
107441
135787
165089
193057
279007
40823
135799
107449
74167
193073
165133
3659
221797
250853
107453
279029
74177
193093
3671
135851
279047
74189
3673
221813
135859
107473
40853
165181
279073
250889
3677
135887
193147
165203
74203
279109
135893
193153
250949
279119
135899
165229
279121
107581
193181
250963
107599
74231
193183
135929
3709
279137
193201
250969
40927
74279
3727
165311
40933
221951
193247
107647
74287
40939
251003
193261
107671
3739
40949
221957
165331
279187
74297
136027
193283
107687
3761
40961
221987
165343
74311
251057
193301
40973
221989
193327
3769
74317
165367
41011
3779
165379
74323
41017
165383
136069
3793
74353
41023
222011
165391
136093
74357
3797
41039
251087
222023
165397
74363
136099
279329
107747
3803
193381
251117
165443
222041
222043
41077
279353
222059
107773
74383
41081
193393
279407
107777
3833
41113
74413
107791
279421
3847
222107
41117
136177
165479
193441
107827
74441
222109
41131
251191
136189
193447
279443
107837
74449
41141
251197
136193
107839
222127
193463
74453
136207
107843
165533
3881
279479
41149
193469
74471
107857
165541
3889
251219
222151
74489
107867
279511
136237
165551
193507
251221
74507
222161
41183
136247
279523
165553
107881
74509
222163
193541
3923
193549
279551
251261
107903
74527
279553
165587
136277
3931
222199
74531
279557
41221
193577
136303
251291
74551
279571
41227
3947
165611
222269
107951
41231
165617
74567
136319
41233
107971
74573
165653
41243
3989
136327
74587
165667
4001
279593
136333
251347
193607
165673
107999
222311
4007
193619
108007
41269
74611
4013
251359
165703
251387
108013
279619
165709
279637
4021
74653
193679
165713
136361
222329
136373
108041
4049
251429
222337
74699
165721
108061
4051
251431
74707
41357
108079
4057
74713
251437
279679
41381
108089
193741
4073
222361
74717
165799
279689
251467
4079
222367
41389
74719
108109
279707
165811
4091
41399
193757
136421
74729
251477
108127
4093
279709
41411
222389
193763
74731
251483
165857
279731
41413
4111
222403
165877
279751
4127
222419
251501
193793
4129
222437
74761
251513
165887
108187
222461
193811
165901
251527
222499
108193
279817
193841
165941
222511
251539
108203
74821
4159
136501
41513
165947
251543
108211
193859
279857
222533
4201
251561
41521
222553
4211
74857
251609
166013
251611
108233
193873
136531
222601
41549
108247
4229
74873
251623
41579
136541
108263
279941
251639
193891
74891
108271
251653
193937
74897
136559
279967
251663
41603
166081
74903
136573
279977
222659
193943
4261
136601
41611
251701
193951
74929
136603
41617
280001
4273
222707
41621
193979
4283
222713
41627
108359
4289
251789
74959
194003
251791
41647
280037
166189
194017
75011
108379
280061
222779
75013
166219
108401
41659
194057
4337
75029
251843
136693
194069
251857
166259
222793
280099
251861
166273
222799
41687
4349
136711
108457
222823
75079
4357
251887
75083
194093
75109
4373
136739
251897
41759
75133
108497
194113
75149
222863
108499
251917
136753
166349
41771
4409
108503
75167
251939
136769
166351
41777
222883
4421
194149
251941
136777
108529
75181
41801
222913
166363
280219
251947
4441
194179
41809
222919
75209
251969
108541
41813
194197
166399
4451
222931
280229
251971
108553
166403
75223
222941
280243
4463
136861
108571
41863
280249
108587
75239
41879
108631
136883
108637
252029
222967
136889
280297
75269
136897
108649
280303
41897
75277
194309
4513
252101
108677
166541
41903
75289
280321
136949
4517
252139
223007
108707
166561
75307
41911
194353
4519
252143
108709
223009
41927
75323
194371
252151
136973
4547
166601
75329
280373
252157
41947
166603
194413
75337
108751
4561
41953
166609
280411
194431
108761
41957
4567
166613
75353
108769
280451
136993
223061
4583
194471
166619
252193
108791
41969
136999
75377
223063
4591
166631
252223
280499
108799
166643
137077
4603
223099
280507
108803
252253
4621
194521
42013
166667
252277
42017
137089
166669
108827
194543
42019
4639
252289
108863
223151
166693
194569
42023
252293
280547
75503
108869
4649
42043
252313
280549
137143
166739
194591
223217
42061
280561
137147
4657
223219
108883
252323
4663
75533
194647
280589
42083
252341
4673
108893
194653
280591
137183
223243
75541
194659
108907
137191
42131
75553
137197
108917
166841
223253
252391
75557
108923
166843
223259
75571
280613
194687
137219
75577
4723
166849
108943
137239
75583
42181
4729
108947
252431
223283
194717
137273
108949
252443
280681
75617
166871
252449
194729
4759
223313
194749
252457
42209
223319
280703
4787
252481
75641
4789
137339
252509
223337
137341
194809
137353
42227
108991
4799
252541
75679
109001
137359
194819
166973
75683
137363
4813
166979
42281
75689
223381
252583
280769
42283
75703
137383
280771
109063
75707
252607
280811
194863
167017
137393
109073
4871
223429
167021
109097
4877
280837
223439
75731
252641
109103
137413
4889
42331
252667
280859
223463
137437
4903
42337
75767
109121
167047
223469
137443
109133
252713
137447
223481
109139
4919
137453
252727
280883
167071
109141
42379
75793
4933
137477
167077
280897
223529
109147
252737
42391
75797
194977
167081
280909
223543
4951
109169
167087
42403
252767
4957
137507
194989
109199
280921
252779
75853
167107
4967
195023
109201
42433
223577
137537
280927
167113
252823
75883
4973
167117
109229
280933
42443
167119
252829
167149
223633
252869
137587
167159
4993
42457
109267
137593
167173
75937
252881
42463
109279
223679
5003
167177
280963
75941
252887
195077
223681
5009
109303
42487
137639
280979
109313
252899
75979
137653
223711
167221
137659
252913
75989
195131
223757
252937
167267
252949
137713
109367
76001
223781
137723
223823
281069
195163
5077
109387
223829
167311
281081
252983
195193
137743
5081
42577
109391
167317
253003
281117
76081
223837
5087
109397
167329
137777
253013
223841
281153
137791
5101
76103
42641
253063
5107
195253
281167
109441
137827
253081
76129
223903
195259
167407
253103
223919
281191
167413
253109
42683
223921
5153
253133
42689
76159
223939
281227
167429
109481
5171
42697
253157
76207
195319
109507
137909
109517
137911
224011
195341
224027
42709
5197
281251
195343
137933
109541
167471
195353
76249
137941
42727
224041
5227
281279
253273
167483
42737
76259
109579
195389
5233
224057
253321
167521
5237
76283
109589
137993
167537
42767
195407
224071
281321
253349
76289
109597
167543
137999
5273
195413
224101
42787
281327
253361
76303
5279
42793
138041
253367
76333
167611
42797
138053
253369
5297
281353
109639
167621
42821
76367
195469
5303
109661
253387
167623
224153
76369
281363
138077
195479
5309
42839
167627
76379
224171
109673
138079
253427
76387
224177
195511
76403
224197
5347
281429
42859
167663
253439
76421
138107
109721
224201
167677
76423
195541
167683
42899
281509
253469
76441
167711
195581
109751
224221
138139
5393
253481
281527
42923
76463
195593
109789
224239
138157
167759
224251
253501
109793
76481
281539
5413
195659
167771
224261
42953
5417
253531
195677
109819
76493
253537
195691
281557
138197
5431
167801
109831
253553
138209
5437
76511
224303
109841
195709
42989
253567
138239
167861
224309
195731
5443
253573
281581
109847
43013
195733
167873
195737
253607
167879
5471
253609
281621
76543
43037
253613
109859
224351
195743
281627
253633
76579
109873
43051
167911
138289
281641
224363
195761
43063
5501
109883
167917
253651
195781
43067
5503
167953
224423
253661
76631
195787
5507
109897
138337
253679
43103
76649
167987
195791
5519
281669
138349
109913
224449
43117
5521
195809
253703
281683
109919
76667
43133
5527
168023
253717
109937
76673
281717
138373
224467
43151
253733
281719
5557
168037
43159
138389
109987
224491
5563
76717
195887
281747
43177
168067
138403
76733
5569
281761
253769
110039
138407
281767
5573
43207
168089
224527
195913
76757
5581
253787
110059
76771
224563
138449
281791
110063
224569
138451
281797
224579
253811
110069
168151
5639
224591
138469
110083
168193
253823
110119
281833
138493
195971
76819
168197
5647
253853
110129
43319
76829
195973
168211
281839
43321
224629
168227
76837
138517
5657
43331
253879
110221
76847
138547
281857
253901
138559
196003
110237
168263
196033
281887
43399
253909
224699
110251
281893
5689
76883
168277
253919
138571
76907
138577
110273
76913
110281
43441
281927
253949
110291
138587
281933
253951
5711
138599
110311
196087
5717
168331
138617
168347
281971
253993
196117
281989
138637
5741
196139
254003
43517
282001
138647
224813
5749
43541
110419
77003
254039
5779
43543
138679
77017
224863
196177
138683
110437
168457
77023
5783
224869
196181
254047
138727
168463
282059
77029
5791
43591
43597
110477
168491
43607
77047
110479
196201
5807
43609
77069
110491
254119
168523
282097
138793
43613
77081
254141
110501
168527
196271
5827
77093
224921
196277
43633
254161
168541
224929
254179
168559
110533
5849
254197
77141
43651
224951
110543
5851
282157
196303
43661
254209
138841
77167
110557
43669
196307
224977
168629
254213
5861
282221
196331
168631
43711
77201
5867
168643
43717
282239
77213
254279
5869
110581
168673
77237
138893
225061
43753
138899
196439
168697
282281
5897
225077
196453
254299
43777
282287
138923
110609
225079
77261
5923
282299
138937
43783
254377
110629
138959
77267
254383
5939
138967
254389
196501
282313
139021
77279
254413
196523
139033
110651
43801
282377
225143
5987
196541
77317
254437
168781
282383
43853
225149
6007
110711
196543
77323
282389
43867
254461
6011
282391
43889
139109
43891
196561
168863
43913
196579
168869
77347
43933
254491
168887
43943
254519
139123
110749
282413
6047
110771
282439
6053
43963
282461
77377
6067
196643
168937
43969
282481
110821
139199
168943
139201
282487
139241
110849
77417
6079
139267
254663
139273
254699
43987
139291
6089
168991
282559
43991
196663
225263
139297
169003
77431
196681
225287
110881
169007
225289
110899
6101
44021
282577
225307
6113
169019
77471
282589
110917
44027
196709
77477
169049
6131
254753
110923
44041
282617
77479
225347
139339
196727
254777
110933
169069
6151
44059
282661
77491
225349
139343
254783
110939
6163
44071
282671
169097
196769
254803
110947
44087
77527
139367
169111
282677
225371
196771
6199
110951
44089
169129
77549
254831
282679
225373
6203
139387
44101
254833
110989
77557
139393
196831
111029
282691
254857
77563
6217
139397
196837
44119
282697
111043
169181
196853
77573
6229
225457
282703
254873
44129
6247
6257
169219
6263
254887
77611
44159
196879
6269
225493
282767
139457
254911
77621
111127
225499
196907
6277
77641
111143
169307
44201
77647
111149
139483
225509
6301
254959
169327
282809
139487
77681
225523
6311
282827
196991
44249
282833
169343
196993
111217
6323
254987
6329
282851
77711
225569
197009
139537
111229
6337
77713
44267
197023
139547
111253
225583
282881
6343
77719
255043
44273
169457
111269
197059
225601
6353
77723
255049
44279
111271
282911
139597
6359
225611
169489
255053
197077
77747
111317
6361
225613
282917
139619
197083
77761
111323
6367
255083
169531
44381
197089
282973
111341
139661
255097
169553
77801
6397
111347
225671
197117
44449
169567
255121
111373
283001
197123
6427
169583
77849
225689
255127
44483
197137
6449
255133
139709
44491
283027
6451
225721
111439
139729
255149
111443
197161
77929
225749
255173
169633
139747
283093
44501
77933
197207
225751
255179
6481
44507
111491
77951
197221
255181
169649
6491
283099
197233
77969
6521
44531
255193
111497
169661
139787
283117
44533
255197
6547
77999
139801
225781
44537
6551
139813
225809
197269
44543
283139
78017
169691
283159
139837
255239
283163
6563
197279
139861
225839
283181
169709
197293
255251
111581
197297
255253
78049
44617
169751
6577
197299
78059
283207
44623
139901
78079
169769
111623
6599
139907
78101
6607
111641
6619
197347
139939
225943
78137
197359
139943
111659
6653
78139
44657
197369
111667
283303
139967
225961
78157
255419
44683
197371
111697
6661
169837
225983
139981
6673
44699
78173
283411
78179
169859
255467
197389
6689
111733
169889
44711
255469
197419
139999
6701
111751
169891
283487
78203
44729
226013
197423
6703
169909
226027
197441
111773
226063
6719
226087
111779
283511
44771
6733
226099
197479
255517
197507
283541
44777
226123
197521
283553
44789
226129
255551
197539
6763
140111
44797
226133
255571
111827
44809
140123
6779
226141
283579
197567
169991
44819
140143
111833
197569
255613
78317
44839
283601
226183
170021
44843
283607
226189
111857
6803
170029
44851
140171
197597
255637
226199
111863
78367
44867
140177
197599
6827
226201
111869
44879
255653
78427
111871
6833
226217
283669
78437
197641
44893
111893
170101
6857
255679
111913
140227
78467
6863
255709
283697
140237
78479
226267
6869
170123
255713
197677
44927
111949
140249
6871
170141
78497
226307
255733
197683
111953
283763
44953
140263
170167
78509
255743
226313
111959
283769
6907
170179
255757
44963
226337
111973
78517
140281
197711
283771
6911
44971
170197
255767
197713
283793
170207
255803
226379
44987
283799
170213
78553
226381
255839
6949
45007
197753
255841
170231
112061
255847
283817
226409
6961
255851
78583
283831
112087
45077
226427
6967
255859
140363
78593
112097
170267
78607
45119
255877
112103
283859
226451
197807
170279
255887
283861
197831
78643
170293
140407
45127
226463
255907
283873
7001
78649
140411
45131
112153
170327
197887
255919
7013
283909
140417
112163
78691
255923
226511
283937
7027
170351
140419
112181
78697
255947
45181
7039
197909
170353
226547
78707
45191
170363
7043
112207
226549
78713
255971
283979
140449
226553
170371
7069
197947
226571
255977
170383
112237
7079
140473
45259
78779
197957
255989
284041
7103
140477
45263
226609
197959
112247
256019
284051
7109
170413
45281
140521
197963
78791
256021
284057
112253
226631
45289
170441
78797
140527
197969
284059
112261
256033
170447
78803
45307
112279
284083
7177
226649
45317
256057
140551
284093
226657
45319
256079
140557
284111
226663
198031
170503
256093
7207
45337
78857
284117
226669
170509
198043
256117
45341
78877
284129
226691
170537
45343
284131
226697
256129
198073
45361
78889
112339
7229
256133
170557
284153
45377
198083
78893
140627
256147
45389
198091
256163
7247
170603
140639
140659
284173
45413
112397
256181
78929
45427
112403
45433
140677
284201
226799
284227
226813
198139
140683
226817
78977
45481
198173
112459
170641
140689
78979
7307
112481
78989
140717
284237
226843
284243
112501
170669
45503
256219
226871
284261
198197
140731
7333
170689
79063
112543
45523
226901
256279
284267
198221
7349
170701
256301
45541
112573
7351
226907
79139
256307
45553
284311
170749
79147
198251
7393
45557
140797
112603
256349
226937
170759
79151
7411
198257
45569
256363
284369
170761
79153
198259
45587
226991
140831
112663
45589
170773
284387
112687
170777
198281
256393
170801
140863
170809
140867
112741
198313
7477
198323
256441
198337
198347
284429
227089
227093
7487
227111
256471
227113
198377
7489
256483
112771
227131
45659
140897
284477
112787
79241
7507
198397
140929
256493
170857
227159
79259
112807
45677
284507
198413
140977
256517
112831
227177
140983
256541
284521
284527
227191
7529
198439
141023
7537
79301
256567
112877
198461
284551
7541
45757
79319
198463
284561
141067
170957
112909
45763
256589
79333
227233
284573
7549
170971
141073
198479
45767
79337
256603
112919
227251
284587
171007
7561
256609
227257
284591
141101
227267
256639
284593
227281
171029
7577
141121
79367
284633
141131
7589
141157
79393
112967
256687
45833
227371
171077
284659
141161
256699
112979
45841
7639
227377
171091
284681
198593
79451
227387
141181
171103
198599
7649
45863
113017
79481
256757
171131
45869
113021
141209
227399
7673
284707
198623
79531
227407
7681
171161
45887
113027
284723
141223
198637
256799
227419
7687
171163
113039
284729
45893
198641
79559
7691
113041
227453
284731
198647
284737
256831
141263
45949
284741
227467
7703
198673
284743
256873
45953
79589
227471
141277
7717
284747
113083
198701
171233
256889
79601
227473
7723
113089
45979
284749
171251
79609
227489
198733
256903
113093
79613
227497
171253
7753
198761
113111
79621
46021
284777
256939
171271
113117
198769
7759
79627
46027
256957
284783
227531
198811
113131
46049
7793
171317
141397
227533
113143
46051
171329
79669
7817
284807
257003
46061
79687
7823
227561
113153
141439
171401
198829
79691
46073
7841
257077
284831
113161
141443
227569
79693
46091
7853
171439
257099
198839
79697
113173
141481
7867
284857
227593
46103
79699
198841
257123
113177
171473
141497
7879
227597
46147
7883
227603
257161
171491
284899
198859
141509
46171
7907
113233
171529
198899
284917
257189
227611
46181
7919
113279
79823
257219
171541
227627
284957
113287
198937
141539
46187
227629
284969
113327
46199
284989
171559
198943
79843
285007
113341
141601
7951
257263
171583
113357
198959
46237
227671
7963
79873
257273
113359
285071
198967
227693
7993
79889
285079
113363
227699
46271
8009
257287
141629
79901
285091
113371
171641
227707
198997
79903
285101
113381
227719
171653
199021
8039
141649
257297
79907
113383
285113
46307
8053
257311
141653
227743
46309
8059
199039
257321
171673
79967
285121
46327
113489
199081
285139
79979
8089
171707
113497
46349
257371
199103
141697
79987
8093
113501
227893
285161
257381
171733
199109
79999
46399
8101
113513
257399
285179
141709
227951
199151
171761
80021
46411
113537
285191
257407
141719
171763
80039
46439
8161
113539
257437
285199
199193
171793
46441
8167
113557
141761
257443
228013
171799
80107
8171
113567
257447
46451
141767
171803
8179
285281
80147
113621
257459
46457
141769
8191
199267
228077
285287
80167
46471
113647
257489
141773
171863
8219
80173
46477
199313
257497
228103
285301
171869
8221
113717
80177
257501
199321
141803
285317
8231
46507
113719
199337
141811
228127
285343
80207
113723
46511
141829
8237
228131
228139
8243
228181
285421
171923
228197
285433
8263
171929
257561
46549
285451
199373
80233
8269
171937
46559
80239
8273
257611
80251
113779
141871
228233
285469
141907
257639
228251
80273
8291
141917
228257
172009
46589
80279
257657
141931
8297
228281
172021
113819
141937
8311
257671
199429
228299
80309
113837
8317
199447
285533
113843
46619
257689
46633
257707
199457
141971
172049
113899
257711
285557
141991
46643
228331
199487
285559
8369
113909
199489
172079
8377
257717
199499
228341
80369
46663
8387
113933
80387
8389
285611
142031
228359
8419
142039
172097
80429
142049
285631
172127
142057
199583
257797
113969
285641
8431
80449
172147
113983
228421
257837
199603
80471
172153
113989
142097
8447
46703
285661
257857
80473
172157
228443
142099
199637
114013
257861
80489
8467
46727
285673
199657
257863
8501
80491
114041
285697
46747
142151
199669
8513
80513
257869
114043
142157
285707
172199
8521
257879
46757
8527
172213
80537
142169
285721
114083
46769
228511
257921
172217
80557
285731
199721
8563
142189
285749
199729
8573
199739
46811
199741
228523
257953
285763
114161
80603
142217
8597
142223
142231
8599
257987
142237
114193
80621
285781
257993
8623
199783
114197
172279
80627
285823
228581
8627
258023
46861
114199
142319
80651
228587
285839
172307
8641
258061
114217
285841
172313
46877
258067
199813
172321
46889
80671
8663
285937
172343
114259
8669
258109
172351
285949
228617
199853
46933
114269
80681
258113
8677
285953
172373
46957
114277
199877
172399
80687
142421
228647
114281
199889
285979
172411
46997
8693
142427
114299
228677
199909
47017
8699
114311
258157
285997
47041
199921
142453
172433
114319
258161
47051
172439
114329
80777
228731
286009
258173
8731
172489
142529
286019
258197
80783
228737
47093
142537
80789
47111
114407
80803
8747
114419
114451
200009
47123
228773
200017
80819
286063
142553
47129
114473
172553
80831
8779
142559
114479
172561
200029
286103
80833
258283
8783
114487
228799
172573
47147
286129
80849
142573
114493
200041
47149
142589
228841
200063
8819
172597
80897
228847
47189
200087
172603
114571
286243
142607
172607
228859
8837
286249
142609
114577
172619
47237
258373
286289
142619
228881
114593
200153
258389
47251
80929
286301
8861
228883
114599
258403
80933
286333
172657
47279
142697
258407
8867
200177
114613
172663
47287
286369
142699
8887
200183
114617
258421
47293
142711
228913
172681
114641
258437
8923
142733
200201
47303
258443
172709
81019
200227
8933
172717
114659
172721
258469
81031
142771
200237
8951
114661
228961
47351
172751
81041
286453
258491
47353
228983
142789
200273
81043
8969
258499
286457
47363
114689
142799
172801
81047
8971
258521
286459
114691
142811
81049
47389
8999
286469
200329
142837
258539
172849
286477
9001
47417
114749
172853
286483
9007
142867
229123
114757
172859
200363
47441
229127
286493
81119
9013
142873
114769
47459
286499
200383
200401
229153
9041
200407
114781
229157
286519
172933
81163
200437
114797
258623
172969
229171
47513
200443
81173
258631
172973
114809
200461
47527
9091
200467
47533
81197
258659
142969
200483
47543
114833
142973
200513
47563
172993
286589
258677
114847
142979
200569
229217
172999
286591
9137
47581
142981
81239
173021
114883
286609
200579
9151
229237
142993
81281
114889
286613
200587
258721
229247
81283
47623
258733
114913
143063
229249
47629
258737
286633
200597
143093
229253
173087
47639
81299
258743
114967
200609
143107
9199
173099
286673
200639
143111
286687
229267
114973
9203
47653
258763
173137
81331
200657
143113
229283
9209
286703
115001
200671
47659
258787
81349
200689
115013
229321
258803
200699
229343
286721
115019
258809
9227
173183
229351
258827
81359
173189
229373
115021
200723
258847
173191
286751
81371
47701
229393
200731
115057
143197
9241
173207
47711
258887
229399
200771
286763
143239
173209
229403
200779
9277
115079
143243
47717
9281
286777
81457
9283
47737
286789
229423
200797
81463
143257
229433
200807
143261
286813
258959
47743
115127
200861
143281
286859
9323
115133
200867
47777
173273
258971
9337
115151
200869
81547
47791
173293
286927
258983
9341
229507
115153
81551
47807
258991
173309
143357
9349
286981
229519
115183
47809
9371
143387
173347
259001
81563
200909
286987
9377
115211
173357
259009
200927
286999
229549
143413
81611
9391
173359
115223
200929
287003
47843
229553
81619
143419
115237
200971
287047
81629
143443
259099
173431
200983
47869
81637
9421
287057
115279
259121
173473
47881
143467
229591
115301
173483
143477
9437
229601
201011
115303
259151
47903
9439
287093
81671
229613
201031
115309
287099
259157
81677
229627
201037
287107
259159
173501
229631
47917
259163
173531
229637
9463
201073
115321
173539
287137
9467
201101
115327
287141
81703
173543
47939
143509
259183
229693
173549
9479
287159
173561
287167
9491
229703
173573
143527
115343
81737
173599
81749
47969
9511
201151
115363
259219
287191
47977
9521
201163
173629
115399
259229
47981
287219
229739
143569
173647
115421
201193
229751
9547
81799
48017
201203
287237
115459
9587
229759
287239
201209
81839
115469
9601
143617
143629
48023
259309
48029
201233
259339
9619
287269
115499
48073
115513
48079
201251
229777
48091
115523
173671
287281
48109
81883
201287
173683
9631
229799
48119
81899
173687
229813
143699
81901
287321
287327
229837
81919
9649
143719
115571
201337
229841
9661
259421
48157
115589
287341
173713
201359
229847
81931
48163
259451
173741
115603
143779
287383
81937
229849
201401
9719
115613
173743
81943
48187
229897
259459
173773
81953
201413
143807
259499
173777
259507
143813
173779
287449
9739
173783
287491
229939
81971
115657
287501
9743
259531
173819
143827
48239
82003
201451
229961
115679
287503
9749
259537
173827
48259
201491
287537
259547
229979
143873
201493
229981
201497
82021
48281
230003
115741
82031
287557
173861
115751
173867
9791
115757
287579
230047
201517
82039
259619
9803
143947
48337
115763
201547
259621
9811
82067
48341
173917
287629
143971
115771
82073
230077
48353
173923
201577
287669
115777
143977
259639
82129
173933
287671
173969
259657
173977
48397
259667
287689
48407
173981
115793
9857
259681
201611
48409
82163
287701
230123
201623
174007
287731
259697
201629
48437
144071
174017
259717
9883
115823
48449
287783
82193
144073
174047
201661
115831
259733
48463
174049
9901
287801
230203
259751
115849
48473
82223
9907
144161
259771
230213
115853
48479
82231
144167
201709
230227
174077
144169
201731
9931
287851
230233
259801
201743
259813
48497
287863
259823
48523
259829
9967
144223
230273
259837
287873
48533
259841
230281
115891
82301
174137
287887
10007
48539
115901
144253
201791
10009
287921
230303
82339
48541
259933
10037
115931
48563
82349
230309
144271
230311
259943
259949
174221
174241
174257
259991
10069
288023
115981
201829
259993
82387
230353
10079
174263
144323
48619
115987
288049
260003
230357
201847
48623
144341
288053
116009
174289
82457
48647
260011
144349
116027
230383
288061
174299
10103
201889
48649
144379
116041
230387
201893
48661
116047
230389
10133
48673
288089
260081
174331
116089
201911
144409
260089
174337
82499
116099
201919
10151
144413
48731
230449
116101
201923
260171
174389
48733
10163
144439
201937
116113
260189
201947
260191
201953
10177
230479
288203
174431
10181
260207
174443
288209
144479
48767
201973
230507
10211
116167
260213
48779
201979
174467
260231
48781
288247
174469
10243
82609
116191
202001
260269
230563
144541
10247
174487
48809
260317
230567
288293
174491
202031
10253
48817
260329
174527
116257
202049
48821
144577
288313
174533
10267
48823
202061
260363
144583
288317
82721
116273
48847
82723
288349
230663
260399
116279
144593
174583
288359
10289
260411
82729
116293
48859
174613
144629
82757
116329
144659
202121
260417
48871
230729
116341
174631
202127
288389
10313
260419
230743
116351
48889
82781
174649
260453
116359
144709
48907
202187
288427
260461
116371
202201
260467
174659
48953
144731
202219
174673
288461
82799
10343
144737
202231
174679
48989
82811
10357
202243
288481
260527
202277
174721
116423
288493
82837
202289
10391
174737
230819
116437
82847
260543
202291
10399
49019
144779
116443
260549
82883
10427
202309
174763
116447
260551
49033
288539
174767
144817
49037
82913
230863
260573
116471
49043
174799
10459
230873
82963
10463
202357
174821
144847
116491
82981
230891
260609
49081
116507
174851
230929
10487
202387
230933
10499
116533
288649
260651
49117
10501
202403
83023
260671
144917
116549
260677
116579
260713
174917
83059
288679
10531
288683
144961
10559
288689
288697
10567
260747
202481
288731
144973
231001
49171
202493
116663
144983
260761
231017
49177
174989
83093
10601
202529
145007
231019
288767
83101
10607
202549
145009
49199
231031
260807
288773
231041
83137
202577
116731
83177
116741
145031
49211
83203
49223
231067
288823
145043
175067
231079
83219
260861
231107
10657
116797
260863
10663
83227
202637
83231
288853
175103
260879
10687
175129
288877
83233
202661
231197
145121
49331
260921
288907
116833
175211
83257
145133
231223
202679
260941
10723
83267
231241
49363
260951
116867
10729
202693
175261
83269
145177
288931
231269
49369
260969
202717
116903
83273
288947
145193
175277
231271
260983
202729
49393
83299
10771
260987
116923
202733
49409
175303
10781
145213
231289
83339
49411
261011
10789
116929
83341
175327
231293
202751
175333
202753
289001
10831
116953
49433
145267
10837
231317
49451
83383
202777
49459
231323
145289
289021
175391
116969
202799
231331
261061
10859
175393
83401
116981
49481
202817
145307
10861
175403
261089
202823
83417
10867
289049
117017
83423
202841
231359
289063
49531
202859
83431
145381
261167
289099
145391
231379
10891
117041
117043
175481
261229
231431
202907
117071
83459
10937
289127
231433
202921
83471
10939
231443
10949
49613
261281
289139
145451
202933
49627
261301
289141
145459
231463
175573
261323
83537
289151
117133
202967
83561
289171
49667
175631
83563
145487
261347
231503
175633
117191
83579
289189
49681
261379
117193
11047
83597
231533
145513
49711
175673
289213
261407
175687
83617
11059
289241
261427
231551
203023
83621
145543
289243
261431
11071
49741
175699
203039
117251
231563
175709
203051
231571
11087
117259
203057
261451
49757
83663
231589
175727
261463
145601
49783
175753
231599
289297
145603
49787
117329
203173
175759
83717
231607
49789
11149
261523
117331
83719
203183
231611
289343
261529
145643
203207
11161
83737
289349
145661
175829
49811
261563
289361
83761
49823
11173
175843
83773
145681
49831
261581
11177
231661
49843
261587
175859
117413
231677
261593
175873
145703
289417
11213
203233
49877
145721
175897
83833
203279
231719
117437
11243
145723
289453
49919
261637
117443
231779
11251
175937
145753
49921
289463
261641
83873
203311
49927
117499
145759
145771
11273
83903
49939
203321
231823
11279
175963
289489
231827
145799
49957
11287
83921
203339
261713
117529
175991
289543
11311
231859
175993
83939
289559
203351
261739
11317
49999
117541
231871
145829
83969
289573
203353
176021
231877
83983
145861
50023
176023
231893
289589
203381
176041
11351
84011
289603
117617
176047
261791
231919
84017
117619
145903
11369
203393
289637
84053
203417
289643
203419
84059
50077
117659
11393
50087
261881
176087
117671
11399
289669
203431
231961
50093
261887
117673
289717
176123
231967
145967
11437
84131
203461
145969
11443
176153
50119
203531
145987
289733
84143
117709
11467
203549
176161
145991
261977
50129
232049
203563
176179
289759
117727
11483
50131
203569
262007
289763
146011
50147
262027
232073
117751
11491
146021
203591
262049
50153
289789
232079
176213
11497
146023
84221
117763
262051
203617
176221
289837
232081
84223
117773
11519
146051
176227
289841
203641
50227
146057
11527
289843
262103
50231
203653
117787
11549
262109
289847
203657
176261
84263
262111
289853
11579
203659
117809
146093
50287
262121
176303
11593
117811
289871
84313
262127
232171
203669
176317
11597
262133
232187
50321
117839
84319
176321
11617
262139
232189
50329
117841
146173
84347
176327
232207
117851
84349
262151
84377
289967
176333
232259
289973
117881
262187
84391
11681
232307
203809
50377
232333
146221
50383
262231
290011
50387
232363
176383
11701
117911
203857
262253
50417
146273
203869
84437
290027
11719
50423
146291
176401
11731
232391
203897
84449
11743
50459
262313
290039
50461
262321
117973
50497
84463
146309
176419
84467
11779
146317
50513
84481
232439
146323
262351
84499
117991
232451
11789
50539
146347
176467
203969
118033
50543
84509
146359
11807
262391
118037
290119
232459
84521
203977
176497
50581
232487
146381
11821
203989
262411
176503
50587
84533
232499
146383
118057
290161
203999
262433
176507
50591
232513
11833
84559
204007
50593
232523
176521
262469
84589
176531
118127
11863
232549
50627
84629
204019
118147
290209
176549
50647
146437
204023
118163
290219
11897
146449
118169
204047
176557
290233
84653
232591
262519
11903
118171
204059
176573
84659
290243
11909
118189
146519
232607
84673
290249
11923
146521
176599
50767
118213
84697
50773
11933
262583
50777
290327
118219
204133
290347
50789
262621
232663
84719
50821
118249
176641
11959
290359
232669
204151
118253
262651
11969
290369
232681
204161
176677
262657
118259
84751
290383
11981
146609
176699
262681
118273
50873
290393
204173
84787
176711
12007
146617
262693
290399
84793
50893
232741
262697
146639
290419
118343
204251
50909
12037
232751
262709
84811
146647
290429
50923
118369
12043
84827
146669
204301
262733
12049
146677
204311
84857
262739
50957
176791
262741
50969
146683
176797
50971
232819
146701
118409
12097
232823
50989
84913
290489
146743
262807
290497
12107
146749
204359
262819
176849
12109
84947
232861
51031
204361
262853
146777
118457
84961
51043
204367
176887
290533
232877
84967
290539
51059
204377
12149
51061
204397
118493
232901
262901
84979
204427
176921
290593
12161
51109
118543
262909
84991
51131
146837
290597
118549
85009
12197
262949
262957
232963
118583
12211
232987
176977
118589
204461
233021
118603
85049
204481
118619
176989
233069
51193
263063
118621
51197
12251
85081
263071
177011
204509
118661
146921
12253
51203
263077
177013
204511
233117
146933
12263
51217
204517
233141
85103
146941
12269
177043
204521
146953
177091
290677
12277
51241
85121
233159
118709
263119
12281
177109
146983
51257
204583
290707
118717
233161
85147
263129
177113
146987
51263
118739
12323
263167
177127
85193
290737
233183
12329
51283
204601
177131
118751
85199
233201
12347
118757
147031
290791
12373
204623
118787
147047
290803
85213
263209
51341
118801
12391
204679
204707
51347
177223
290837
12409
233279
147097
290839
233293
147107
12413
118843
263267
12421
204749
290869
233323
51407
147139
263269
290879
12433
85259
177301
51419
204781
290897
177319
147163
12451
51421
204791
85303
177323
290923
51427
233347
12473
263323
204793
290959
85331
118927
290963
147211
118931
12487
290971
51439
147221
263387
177409
204821
263399
85363
118973
233407
177421
12497
85369
51473
290999
147229
119027
51479
263423
12511
51481
119033
291013
12517
51487
147263
233423
119039
85427
177467
263443
147283
233437
51511
119047
12541
263489
147289
85439
233477
204931
291043
12547
147293
177487
233489
119069
263503
85451
291077
177493
204973
51551
12569
85453
177511
233549
119087
263519
51563
12577
291101
85469
147331
204983
119089
263521
12583
291103
177553
147341
119099
205019
291107
233591
147347
119101
291113
177601
51599
233599
291143
205033
119107
233609
12611
263567
147377
233617
85531
119129
177647
12613
291169
177677
291173
205063
147397
233641
51631
233663
51637
119159
85571
233669
12637
119173
233683
85577
205081
147409
119179
177739
291209
12647
233689
177743
51673
147449
51679
147451
12659
85607
51683
205111
177763
233713
263647
12671
85619
205129
263651
291257
51713
12689
85621
119237
263657
177797
205133
291271
51719
85627
263677
119243
205141
51721
291287
177823
147517
119267
263723
51749
205151
85643
291293
12721
177839
147541
263729
119291
51767
233837
205157
85661
291299
12739
147547
119293
263759
85667
12743
291331
291337
12757
291349
147571
177907
51817
233881
119311
205211
263819
177913
85703
263821
12791
233917
12799
233921
291373
263843
51839
119363
12809
85751
263849
291377
119389
12821
85781
147661
178001
263867
85793
178021
205307
51899
263869
12841
147673
291439
85817
119429
51907
263881
178039
12853
147689
205327
234007
85829
263899
119489
178069
85831
119503
147709
205357
234043
51949
263911
291491
12899
85837
205391
51971
119533
178117
85843
12907
205397
119549
234083
147743
85847
234089
147761
205417
178141
263951
85853
234103
12917
147769
291539
205421
52009
263953
234121
85889
291547
12923
119569
147779
291559
263983
147787
291563
147793
85909
52051
264007
12953
178207
205433
147799
234149
264013
85931
178223
291619
12959
205441
147811
234161
264029
178231
85933
291647
12967
147827
234167
178247
291649
52103
178249
85999
264059
12979
147859
178259
52121
264071
234187
12983
119653
86017
205483
178289
147881
291677
264083
13001
234191
52147
119657
178301
205487
86029
291689
147937
119659
264101
178307
52163
119671
264113
291691
86111
13063
178327
147977
52177
234211
205529
264133
13093
178333
52181
291721
147997
119689
86131
205537
13099
52183
234239
119699
178351
52189
148021
291743
205553
86143
52201
13109
234271
119723
178393
264169
148063
291779
234281
52249
178397
13147
205603
264211
291791
178403
86197
148079
52259
205607
52267
234317
13171
119809
148123
148139
264283
13177
119813
234323
178447
205633
291853
13183
119827
178469
205651
264301
13187
178481
205657
234343
86263
291877
52361
264331
178489
13219
86269
291887
205663
264343
119849
234383
52369
178501
148171
13229
86287
205703
264353
234431
178513
13241
264359
205721
178531
13249
86297
205759
52433
264391
178537
119921
205763
86311
148207
291983
264437
178561
86323
291997
234473
119929
264443
178567
148243
52501
292021
13309
119953
178571
86353
148249
234511
292027
205847
86357
178597
52529
148279
13327
234527
264529
205879
86369
178601
292057
13331
148301
52543
119993
86371
13337
234539
205913
148303
178609
120011
52561
13339
234541
205937
86389
292081
264599
178621
52571
120041
178627
52579
234571
148361
13381
86413
292093
52583
148367
13397
86423
292133
120067
234589
178681
52627
205963
148381
13399
86441
292141
264643
178691
52631
86453
205981
264659
292147
13417
52639
86461
120097
148403
13421
205993
120103
264731
178757
86477
148429
234673
178781
52691
206021
148439
234683
86501
13457
52697
206027
178799
264757
234713
148469
13463
120167
86531
206033
178807
52711
13469
292249
234721
120181
86533
148483
13477
264779
178817
120193
52727
264787
120199
178819
292283
234733
148513
120209
52747
206069
13513
120223
178853
234749
292309
264811
86579
52769
13523
120233
178859
148537
264827
52783
13537
234781
206123
86599
13553
234791
178877
264839
52813
206153
292363
120293
13567
52817
264871
206177
292367
148579
86677
13577
52837
264881
206179
86689
148609
292393
264889
13597
148627
178921
86711
120371
13613
52879
234833
264899
120383
292459
86729
13619
178939
264919
120391
206203
292469
86743
234851
13627
206209
264931
292471
148669
234863
178973
52903
86767
120401
206221
13649
148691
178987
264959
206233
120413
86771
292483
179021
234893
52937
264961
206237
13679
86783
234907
120431
148721
292493
13681
206249
52957
264991
148723
120473
13687
206251
292531
86843
148727
234947
292541
148747
52973
265003
13693
234959
120539
206273
86857
13697
148781
120551
179099
206279
265021
13709
53003
234967
86869
292577
13711
179111
120563
53017
206291
86927
234979
148817
13723
206299
53047
265091
292631
234989
120577
148829
13729
179161
86939
53069
265117
13751
206341
148853
86951
53077
179173
120619
235009
86959
148859
13759
292679
179203
53089
120623
235013
265141
148861
13763
292693
179209
86981
53093
120641
265151
235043
13781
206399
292703
179213
53101
206407
87011
179233
148891
120661
265163
235057
13799
206411
87013
53117
292711
179243
120671
148913
265169
13807
206413
292717
179261
235091
53147
265193
206419
120689
87049
148927
120691
53161
206461
292759
53171
87083
120713
265241
179317
206477
87103
292793
148957
53189
235171
13877
265249
179327
120739
87107
292801
206489
13879
148991
265261
53201
179351
206501
13883
148997
235199
292819
265273
13901
149011
235211
179369
120779
87149
265277
53239
149021
235231
120811
292841
13907
265313
235241
179393
292849
265333
235243
53269
149033
292867
120829
179411
87187
206597
53279
13931
265339
120833
235289
179429
87211
149059
265381
120847
235307
292933
13963
149069
235309
265399
120851
13967
179441
87223
265403
292973
53327
120863
13997
179453
265417
235349
53353
292979
87253
179461
206651
265423
120877
53359
292993
179471
149111
265427
14011
120889
206699
235397
293021
87281
265451
149113
53381
14029
120899
293071
179519
206779
235441
87299
14033
120907
265493
53407
87313
149143
293087
14051
120917
179549
206803
265513
53419
293093
14057
265541
206807
179573
149161
206813
87359
235513
149173
120937
14081
206819
265547
53453
149183
206821
265561
87403
14087
149197
235537
179593
87407
120977
14107
235541
53507
87421
120997
265607
179633
235553
293173
14149
206897
265613
149251
179651
121007
235559
87443
265619
149257
121013
235577
206911
293201
235591
121019
87481
265703
179671
235601
14177
149287
265709
179687
206923
235607
14197
121039
149297
87509
293213
265711
206933
235621
149309
121061
53611
87511
265717
206939
14221
121063
87517
265729
53623
179737
121067
149341
87523
14249
53629
206953
293263
121081
235679
87539
149351
179779
293269
53639
121123
14281
87541
149371
207013
179807
235723
293329
265813
87553
14303
235747
293339
265819
87557
53693
149381
14321
265831
235751
293351
179821
87559
207037
121169
14323
149393
265841
53717
235783
293357
87583
207041
53719
179849
121189
235789
179897
207073
235793
121229
265871
149417
179899
14369
87613
207079
235811
265873
121259
149419
14387
293441
53777
265883
179917
14389
87631
121271
207121
235849
53791
293459
265921
179923
14401
149459
87641
53813
121291
293467
14407
179947
149489
53819
265987
121309
179951
207187
87671
266003
121313
235901
53849
87679
14423
149497
293507
179957
266009
235919
14431
121333
293543
207199
235927
14437
121343
266027
53887
179999
207227
149521
235951
293603
87721
14449
180001
121351
207239
235967
149531
293617
53897
266051
14461
207241
293621
87751
14479
266053
293633
149543
266059
207269
180053
149551
266081
87793
207287
180071
266083
207293
293659
149563
293677
236063
14533
293681
87803
180077
236069
87811
180097
149623
207331
236077
87853
53993
293723
180161
149629
54001
266129
14551
87877
207367
121487
149711
180211
54013
236129
14561
180221
87887
54037
14563
54049
266177
180239
14591
266183
149729
236167
293827
266221
87931
149731
121531
54091
14621
266239
207433
180259
236209
87959
293861
121553
149759
87961
14629
121559
14633
54133
293893
149771
121571
14639
207463
236261
54151
207469
121577
149803
88001
236287
54163
293957
266297
180311
14669
121591
293983
88007
54181
266333
236297
121607
207491
88019
236323
14699
266351
180331
121609
149861
88037
14713
266353
180337
236333
207511
149867
294013
14717
266359
121631
236339
54269
207517
149873
14723
294023
266369
121633
207521
149893
14731
121637
180391
149899
266401
54311
236399
88169
54319
236407
14741
88177
54323
236429
149911
14747
88211
294059
121697
54331
236449
149921
88223
207551
266449
88237
14767
88241
294127
121727
180497
207589
294149
149971
14783
54377
266491
88289
207619
294167
14797
207629
236507
180533
54403
266549
121843
14813
207643
88321
54409
150011
266587
294179
236527
54413
88327
266599
150041
294181
121867
14827
54419
236549
266603
88337
207671
150053
180569
54421
266633
294211
207673
14843
54437
266641
150067
180623
88397
266647
121921
294227
180629
236627
266663
88411
14869
121937
150089
236641
294247
207721
14879
180667
150091
54497
14887
150097
54499
150107
266683
54503
150131
88469
121967
236681
14897
150151
54517
88471
121993
14923
150169
180749
266701
54521
121997
88499
150193
207799
266711
236707
294313
150197
88513
14947
266719
54541
122021
180779
150203
207821
54547
88547
14957
150209
54559
266767
180797
294337
122029
207833
88589
150211
266797
14983
54577
266801
54581
15013
88607
54583
180847
122041
294353
266837
15017
88609
236773
180871
54617
266839
15031
207931
150247
122053
180883
236779
54623
294391
88651
266867
122069
150287
54629
294397
88657
15073
180949
236807
207953
88661
294403
150301
15077
180959
54667
294431
15083
122131
54673
294439
266921
150329
236869
181003
88681
207973
266927
294461
150343
122149
15107
88721
266933
207997
294467
181031
150377
88729
208001
122173
294479
181039
54721
236893
294499
181061
15137
266957
54727
236897
122203
181063
208009
88771
266977
150407
294529
181081
15161
54767
208037
122209
266983
150413
88793
208049
236947
15187
54779
266993
88799
181141
150427
208057
15193
236981
54787
122263
266999
88801
294641
181183
54799
150439
54829
122273
267037
54833
15227
122279
294649
15233
150497
122299
267097
54869
294659
15241
122321
181211
267131
15259
88819
208129
54877
294673
237067
181213
267133
88843
122327
208139
15269
54907
88853
181243
267143
294731
122363
88861
181253
15277
237091
88867
181273
237137
267193
122389
267199
237151
294761
54949
237157
15299
294773
237161
208217
181301
267227
237163
208223
88903
150607
208231
150611
122443
150617
237179
267233
54983
15319
267259
237203
294793
181387
267271
150697
237233
55009
15331
122471
181399
181409
88969
294809
150721
294821
88993
55049
294829
208291
294859
208309
88997
294869
237277
15359
150767
294887
55057
237283
267317
208333
150769
89009
181459
15373
267341
237287
208337
89017
55073
150779
181499
294919
267353
237301
15383
55079
150791
122557
89051
267373
181513
15391
237313
55103
150797
89057
267389
294949
181537
122597
89069
15413
150833
208409
294979
181553
150847
55147
267413
208433
181603
122651
89101
15451
294991
267419
150881
237373
122653
55201
89107
15461
267431
150883
208457
295007
55207
181639
237401
89113
150889
15473
122701
181667
237409
89119
150893
208463
122719
237467
295039
89137
208489
181711
208493
122743
208499
55249
181721
55259
89189
122753
208501
150929
237563
55291
122761
150959
55313
15559
89213
208519
150967
122819
267521
150979
55337
181763
295129
15583
208553
122833
89261
150989
267541
237631
181777
55343
122839
267551
89273
208589
295199
237683
122849
151009
267569
122861
55381
89303
267587
237691
122867
151027
181871
295237
55399
89317
237701
295247
55411
295259
295271
181889
181891
89363
181903
181913
55457
267613
55469
15679
89381
15683
181927
55501
181931
15727
89393
267643
151153
122939
237781
267647
208699
122953
151157
15733
89413
295357
55547
122957
267661
15737
89417
181997
208729
151169
122963
237857
267667
15739
89431
208739
151171
182027
267671
55609
123001
208759
89443
295417
151189
237877
55619
182041
123007
89449
15767
267713
182047
295433
151213
55631
123017
15773
182057
237911
295439
55633
267721
151237
123031
89491
208843
182089
267727
15797
89501
237959
182099
55663
89513
151247
208889
123077
151253
55667
267749
208891
151273
123083
295517
55673
89521
208907
151279
123091
295541
237973
267791
182129
151289
267797
295553
55697
182131
89561
55711
295567
237997
151337
182159
151339
238001
123169
238009
15889
238019
182177
208963
182179
238031
151357
55763
267863
182201
15907
123209
238037
151379
267877
295693
89603
123217
182233
15919
55799
267887
209021
238079
89611
295699
151391
123229
209029
55813
267899
238081
295703
89633
123239
238093
209063
238099
182297
55823
295751
55829
89657
15991
151433
295759
209123
151451
267941
123289
89669
182339
55849
295777
123307
16033
238151
55871
295787
182353
209173
123311
268003
238157
89689
295819
151499
209179
16063
268013
295831
89753
151507
16067
209189
182417
268043
123377
182423
89767
268049
123379
295843
151523
182431
16073
89779
238181
295847
123401
268069
151531
89783
238201
209221
123407
16091
151537
182467
55949
123419
209227
268123
182471
151549
238213
89809
268133
209233
16103
123439
182489
295873
55997
268171
16111
89821
238229
182503
295877
56003
151573
16127
89833
151579
209263
238247
182519
89839
209267
238261
56041
295903
268211
151603
89849
209269
16183
56053
123499
182549
295909
268237
151607
209299
89891
238307
16189
123503
182561
89897
268267
16193
123517
56099
182579
238321
268271
209327
16217
89909
56101
295951
151643
182593
56113
209347
151651
238339
268291
123551
16229
56123
295973
89923
238361
16231
209357
238363
151673
209359
16249
238369
268343
123581
209371
296011
56167
268403
182639
209381
296017
238397
89963
123593
268439
151693
16273
56179
182653
296027
89977
123601
209401
16319
296041
123619
209431
182659
268493
123631
56209
209441
16339
268501
123637
296071
209449
90001
16349
182687
56239
238471
123653
296083
268517
151771
209459
16361
182701
56249
123661
238477
90017
151787
56263
296117
123667
16369
90019
238499
268537
209497
56269
182747
16381
268547
56299
238529
296159
16411
90053
268573
123719
151841
56333
238531
209543
16417
123727
90067
182813
238547
56369
16421
209549
268637
90071
296221
56377
182839
209563
238591
151897
56383
296237
182851
16447
209567
56393
123787
268693
296243
56401
90121
238639
16453
123791
296249
268721
151909
209579
238649
16477
296251
123803
56431
151937
209581
16481
268733
123817
56437
90163
182921
16487
209597
123821
151967
56443
296279
90173
238691
16493
123829
268759
182929
56453
209623
90187
16519
238703
123833
182933
152017
268777
90191
56473
209639
296353
268781
56477
90197
209647
296363
56479
182969
238727
268789
209659
16567
152041
238729
268811
123923
296377
56501
16573
152063
90217
123931
268813
209687
183023
56509
296441
152077
238781
183037
16607
123953
268819
296473
90247
152081
238789
209707
16619
123973
183047
268841
238801
183059
123979
90271
238829
209719
296489
90281
56569
238837
183089
209743
16649
296503
268883
152123
90289
123997
183091
209767
296507
268897
238853
56599
183119
16661
90353
124021
16673
90359
124067
56629
124087
56633
268921
238879
152197
90373
268927
152203
296557
268937
152213
56663
183203
238897
124121
268969
209813
90401
296563
16729
124123
152231
238919
90403
16741
268979
183263
152239
90407
56701
16747
124139
209837
296587
152249
238943
90439
124147
268999
238949
90469
296627
209857
56731
152287
183301
269023
238967
296651
16811
90481
269029
56747
238991
183317
296663
152297
269039
56767
124193
183319
90511
239017
16843
269041
209927
56773
296683
90523
124213
239023
16871
269057
209929
152377
90527
124231
239027
269063
183361
16879
209939
56807
296693
269069
239053
90533
183373
16889
124277
269089
56813
296719
152393
16901
269117
90583
183383
209977
296731
183389
152417
239119
16921
296741
183397
239137
56843
296749
16927
183437
16931
124309
296753
183439
90631
269177
16937
56873
296767
239171
90641
269179
152443
56891
296771
16963
239179
124343
269183
183473
152459
296773
269189
56897
152461
16981
183487
239231
90679
56909
124363
269209
210097
16987
296801
183497
90697
56911
152519
16993
239237
183499
296819
56921
269221
17011
183503
296827
124429
269231
183509
17021
124433
183511
152539
90731
56929
17027
239273
90749
124459
296843
17029
269257
239287
90787
124471
17033
56957
296909
269281
152597
90793
210143
183577
124477
296911
56983
239329
17047
269327
210157
90821
152617
296921
239333
269333
56993
210169
152623
17077
296929
239347
124513
210173
152629
296941
183637
124529
17099
269377
152639
57041
124541
17107
210191
183683
152641
57047
124543
210193
17117
239387
152657
124561
269387
183697
210209
17123
239389
152671
57077
296983
269389
210229
17159
296987
90931
239423
269393
210233
57097
124633
17167
297019
152723
183763
210241
269419
90977
239431
57131
297023
17189
124673
183797
90989
210257
17191
297049
239461
57149
269461
210263
297061
57163
91009
152783
17207
183871
269513
124703
239521
152809
210299
239527
124717
269527
17231
297083
239531
183907
91079
17239
17257
91081
269543
17291
152833
183919
91099
124753
152837
210347
297151
57221
269579
239567
183949
57223
124759
91121
183959
17317
239579
152843
297169
91127
183971
124771
57259
183973
57269
124777
183979
269651
297233
184003
124781
17333
239611
152879
57283
91141
124783
269683
17341
184013
57287
239633
297251
152899
91151
269701
184031
57301
239641
91153
17377
124847
297263
57329
184043
210467
152939
239671
269741
91163
124853
17389
184057
57349
124897
17393
269779
269783
91193
184081
297371
91199
184087
152959
269851
184111
210523
297391
17431
124979
57397
152981
184117
91243
210527
297397
17443
152989
184133
91249
297403
57457
17449
152993
184153
57467
91253
17477
153001
125017
57487
91283
239783
269953
297457
17483
184199
153059
91291
210619
57503
125063
297467
17489
239807
91297
210631
184231
57527
17491
153071
91303
239843
91309
17509
153077
57559
270071
184273
210709
239851
153089
297509
270073
184279
91369
239857
57587
17551
153107
125131
91373
270121
297533
57601
153113
239879
184321
91381
297581
210739
270133
153133
239893
17579
91387
297589
57649
184337
125197
17581
270157
91393
210773
57653
297601
239933
125201
184369
270163
91397
210803
297607
57679
239947
270167
153259
91411
210809
184417
125221
239957
17627
57697
270191
297617
153271
91433
184447
17657
210823
125243
270209
57713
153277
91453
17659
297629
270217
153281
17669
91459
210839
125287
57731
270223
240007
297641
153287
184511
270229
240011
91493
297659
125303
17707
91499
184523
57781
153319
210869
125311
17713
240041
270271
297691
91529
184559
125329
153337
57793
17729
270287
210907
91541
240047
125339
297719
57803
184571
153343
270299
240049
57809
125353
184577
270307
240059
184607
210923
270311
125371
91577
297779
240073
210929
153371
184627
91583
297793
240089
125387
57853
17789
270337
91591
297797
153407
125399
210961
17791
184649
270343
125407
240109
17807
210967
297811
91631
153421
240113
125429
297833
184669
270379
153427
91639
17837
240131
57901
125441
211039
91673
17839
240139
57917
184693
270421
211049
17851
125471
270437
153449
153457
91711
240173
153469
184721
91733
240197
125507
211063
297907
297911
211067
57977
17903
297931
57991
270493
17909
125539
211093
17911
240259
211097
17921
240263
58027
211129
184823
240271
58031
297971
184829
125591
17923
91807
240283
58043
297989
184831
211153
270547
17929
211177
58057
125621
91823
240341
211193
240347
91837
58067
270563
240349
153563
298021
184879
125639
17959
58073
270577
91867
240353
184901
153589
298031
125641
58099
91873
17977
184903
211219
240371
270587
153607
298043
125651
17981
58111
270593
153611
298049
125659
211231
58129
184957
91939
298063
125669
270619
184967
58147
298087
125683
184969
58151
298093
240473
270653
91957
18043
298099
125693
240479
91961
184999
125707
185021
18049
125711
58189
18059
185027
298159
211313
270689
298169
211319
185057
270701
298171
125737
153743
240551
58211
185069
211339
18097
58217
298201
92009
18119
270737
58229
185077
211369
92033
18121
240589
298213
125777
211373
153817
18127
270761
58237
92051
240599
125789
298223
185123
18131
270763
240607
125791
58271
211427
298237
18133
270791
185137
58309
18143
125813
185149
58313
18149
125821
58321
270799
18169
125863
92119
18181
125887
185161
58363
270833
185167
58367
270841
211493
240677
92153
185177
270859
125899
153929
58379
185183
270899
58391
298339
18223
18229
185221
211543
58403
125929
18233
270931
125933
240727
211559
125941
211571
92203
125959
153991
270953
18253
211573
125963
153997
58439
92221
18257
185303
270973
154001
211597
92227
185309
298427
18287
58453
154027
211619
92233
126019
18289
154043
18301
271043
92243
154057
240829
298483
18307
211657
154061
58537
185369
126037
298513
18311
271067
92269
154067
240853
185371
126041
211663
298559
271079
154073
58567
240859
185401
126047
92311
271097
58573
18353
185429
298583
211691
154081
126067
18367
240881
185441
298589
92333
126079
18371
271129
154097
240883
298601
211723
271163
58631
92353
126107
18397
211727
185491
154127
126127
18401
92363
211741
58661
185519
271181
240913
298631
126143
92369
211747
154157
18427
271211
58687
92377
18433
240953
92381
185539
92383
18439
185543
58699
240967
126211
18443
92387
58711
271253
185557
211801
298681
241013
18451
92399
58727
185567
298687
241027
126229
211817
92413
185569
18461
126233
154243
241037
185593
18481
154247
241049
58763
154267
211873
211877
298723
154279
298733
154291
154303
92467
211889
154313
126307
271363
92479
154321
241069
298759
126311
92489
271367
241079
58889
185683
211931
92503
18541
154339
126323
58897
298799
185693
92507
18553
58901
185699
211943
241117
154369
58907
92551
126341
298817
241127
18587
154373
58909
126349
298819
271471
58913
154387
211979
126359
298841
185737
271483
58921
18617
92569
154409
211997
241177
298847
126421
185747
18637
241183
58943
271499
298853
185749
92593
154423
58963
18679
212057
92623
154439
126461
18691
212081
92627
58979
241249
298897
271553
154459
185797
92639
212099
58991
241253
126491
18731
154493
298943
212123
154501
18743
241261
18749
241271
298999
212141
271619
59021
212161
154543
241303
154571
241313
185849
59029
241321
126547
185869
59051
18793
241327
271657
126551
212207
92693
18797
271693
185893
212209
241337
271723
185897
299063
185903
59077
92707
126611
299087
212239
271753
59093
92717
126613
212243
92723
271771
185947
154667
299113
154669
59119
299137
241421
271807
92753
59123
154681
18917
271811
126683
299171
92761
18919
59141
154691
212353
271829
92767
299179
185987
18947
59149
154699
126703
271841
241453
92779
18959
126713
59167
271849
186013
18973
59183
299239
92791
18979
154733
126733
212423
59197
92801
271861
19001
241489
186023
126739
299281
59207
92809
271867
154753
241511
19013
59209
299287
92821
186049
241513
212461
299311
19037
154787
126761
241517
271903
92849
19051
186097
126781
59239
92857
212479
299329
154799
241543
271939
299333
154807
92863
126827
241559
212507
299357
19079
271967
186113
154823
241561
212557
92893
299363
186149
154849
59341
92899
299371
212573
272003
126859
186157
154871
59351
19139
241597
126913
241601
212587
272011
92941
241603
186163
154877
59359
19157
272029
212627
186187
154883
59369
272039
19163
59377
241651
154897
272053
59387
241663
186211
299447
212669
126989
59393
93001
186229
212671
127031
19207
272131
299473
154943
19211
59407
299477
272141
127037
299479
19219
272171
241711
186259
127051
155003
93083
299501
59443
272183
93089
299513
241739
186283
127081
155017
272189
299521
241771
59453
19267
93103
127103
272191
186301
241781
59467
93113
212837
299539
272201
19289
127123
155069
186311
59471
241783
93131
299567
272203
186317
155081
127133
59473
19309
212851
93139
19319
299603
59497
212867
93151
155087
19333
186377
59509
127157
272249
19373
155119
186379
241817
272257
212873
127163
93179
155137
59539
299653
19381
272263
59557
93187
127189
155161
59561
299683
127217
272287
19417
241873
127219
299699
212917
155201
299701
212923
155203
186479
127247
299711
93253
241903
272333
127249
299723
19433
212987
59651
272341
93263
186569
19441
127271
93281
241921
155251
19447
59663
93287
127289
155269
186583
299771
59669
127291
93307
155291
19463
186587
241951
299777
213029
272359
186601
241963
93319
19469
59693
127301
155317
241973
213067
299843
59699
127321
241979
272381
186629
155333
19477
127331
213091
299861
272399
19483
127343
186649
213097
299881
93377
272407
242009
127363
186653
299891
59747
213131
93407
127373
242057
186671
19531
93419
242059
127399
19541
242069
127403
186689
299933
127423
93463
272449
186701
299941
59791
93479
127453
213181
272477
186709
155423
299969
186727
155443
19577
127487
59833
272533
127493
155461
242161
19597
127507
93497
242171
272549
59887
127541
272563
242197
59921
19661
242201
93529
213247
127579
155537
59951
213253
186799
19687
155539
127591
59957
213263
93559
242257
127597
59971
186859
272651
213281
19699
242261
155569
93581
59981
186869
127607
272659
213287
19709
242273
93601
186871
272683
19717
213289
60013
242279
127637
93607
272693
155593
19739
93629
272717
155599
127649
272719
186917
155609
213329
242357
93683
186947
242371
242377
155627
272759
19763
93703
242393
155653
187003
272761
213359
19777
127681
242399
93719
213361
272771
19793
187027
242413
127691
155663
187043
60103
93761
272807
187049
213391
127709
19819
155689
60127
187067
213397
127711
93809
155693
213407
187069
155699
19843
93811
213449
60139
272879
127727
187081
60149
213461
127733
93851
19861
187091
272903
155719
187111
272911
19867
187123
155723
272917
187127
155731
60169
187129
93887
242491
60217
93889
213523
242509
19891
93893
272959
93901
60251
272971
93911
272981
155777
272983
155783
272989
19919
213553
60259
127817
155797
272999
19927
187171
213557
242551
127819
155801
273001
19937
60289
93941
213589
187181
19949
93949
242603
155821
213599
187189
60317
127843
19961
93967
155833
187193
213611
60331
187211
60337
19973
242629
187217
155851
242633
155861
127867
155863
93983
127873
93997
155891
242659
155893
19993
242677
60383
187273
155921
60397
19997
94009
127921
156007
242689
94033
156011
242713
213713
156019
20023
94057
156041
127973
242731
20029
94063
127979
60457
242747
213737
94079
156061
60493
242773
128021
213751
94099
20063
128033
94109
20071
60509
94111
156109
128053
20101
128099
94121
213827
156127
20107
128111
94151
213833
156131
60589
94153
213847
156139
242863
60607
20123
213881
128159
128173
20143
156227
128189
156229
242911
213919
60631
242923
156253
128203
94261
156257
213943
156259
20173
213947
156269
20177
94307
156307
60661
242999
20183
94309
128239
60679
20201
60689
128257
20219
156347
94327
243073
128287
94331
60727
20233
156361
214007
94343
128291
243091
60737
214009
94349
128311
243101
60757
20269
214021
60761
214031
20287
60763
214033
94397
60773
214043
156487
94399
243137
60793
156491
128351
94421
60811
156493
214063
243157
128377
60821
156511
156521
214087
128393
94441
214091
20359
60869
128399
156577
214129
243209
128413
128431
60899
128437
214147
243233
156619
128449
20399
94513
214177
214189
94529
60919
214211
94531
128467
20411
94541
156641
243301
128473
156659
214237
243343
156677
128483
243367
94559
60961
156679
20477
128489
94561
243391
61001
156683
94573
128519
20483
94583
214309
243403
61027
243421
156707
128551
20533
94621
61051
156719
128563
243433
214381
61057
128591
20549
156727
214391
94687
128599
61091
243461
20563
214399
128603
61099
156749
20593
243469
128621
94727
61129
20611
214439
243473
128629
61141
214451
94771
20627
128657
156799
61153
214457
94781
156817
61169
20641
61211
243521
20663
243527
156833
20681
61231
156841
214483
156887
94819
61261
214499
156899
94823
128717
214507
20719
94837
128747
243577
156913
214519
128749
94841
156941
61297
20743
214531
243587
156943
20747
243589
61333
20749
61339
94873
20753
214561
156979
94889
20759
128831
61357
94903
20771
128833
61363
243643
20773
214631
20789
128857
61381
243671
128861
61403
94951
243673
157051
214657
243701
94961
128879
61417
157061
214667
61441
128923
243707
214673
20873
95009
61469
243769
214723
95021
20887
128951
157109
61471
243781
95027
214729
157127
243787
95063
20903
95071
214741
157141
243809
95083
214759
61507
128983
157163
20929
95089
61519
214783
20947
95101
157189
129001
214787
61547
95107
129011
157207
20963
61553
157211
243889
95131
129049
61561
157219
243917
61583
129083
243931
95177
129089
214849
21013
157231
95189
61609
243973
21017
157247
129119
61627
244003
157253
214883
95213
129121
21031
244009
157259
214891
61637
129127
244021
157271
214913
61643
129169
244043
157277
21089
61657
129193
61667
244091
21107
214987
244109
61681
244121
95273
215051
61687
157321
21143
244129
95279
129229
215063
61703
157327
21149
244141
129263
215077
61717
95311
157349
244147
129277
95317
21169
244159
129287
61751
215141
95339
129293
215143
95369
21191
129313
95383
61781
244199
215161
95393
61813
129347
215179
95401
157433
157457
157477
95419
21247
61843
215197
157489
215239
129403
157513
244291
21283
157519
244297
157523
21313
215273
157543
61909
129443
21317
95471
157559
61933
157561
95479
129457
21341
21347
61961
157579
95527
21377
129491
157627
215351
244357
21379
157637
21383
129499
244379
157649
61991
95569
244393
129527
62003
95581
129529
21407
244399
215393
62011
21419
244403
129539
62017
21433
157733
95617
129553
215417
21467
95621
62047
129581
21481
215443
95629
157747
62053
62057
157769
129589
21491
95651
129593
157771
21493
129607
157793
157799
21503
62099
157813
62119
21521
95717
157823
157831
95723
157837
95731
62137
21557
129719
21559
157877
95783
129737
62189
129749
157901
215587
21577
95791
157907
21587
129763
157931
62207
157933
129793
21601
129803
62219
95819
62233
21611
157991
21613
215687
95869
158003
62297
95873
21647
129893
95881
21649
215723
215737
215753
158047
95917
21683
215767
62327
215771
158077
21701
62347
95929
215797
129959
21727
129967
158141
62401
21739
158143
62417
130021
215843
95971
158161
95987
158189
62459
130043
21767
130051
96001
21773
215863
130057
158209
21787
62477
158227
62483
158231
96043
130079
21817
62501
158261
96079
130121
62533
130127
21851
158293
96137
130147
96157
158329
62563
96167
62581
62597
96181
158363
96211
21929
62627
158371
21937
62633
96223
158393
62639
96233
158407
21961
158419
21977
96263
158443
158449
62687
96289
96293
62723
96329
62731
158527
62743
96337
22039
62753
158551
22051
62761
62773
158567
96401
22067
158573
96419
62801
158581
62819
158591
96443
158597
62851
158611
96457
22109
62861
22111
62869
96469
22123
158621
62873
158633
158647
96493
96497
158699
22157
96553
96557
96581
22193
96587
96589
96601
62987
22259
63029
22277
63031
96671
22279
96697
96703
63067
22291
63073
63079
96737
22343
63103
22367
63113
22369
96763
22381
96769
22391
96779
96787
63199
96821
63211
22453
22469
96847
63247
63277
22483
22501
22531
63311
22543
96931
63331
22567
96959
63347
96979
22613
63361
96997
63377
22643
22651
97021
63391
22679
97073
22691
63409
97081
22697
63419
97103
22709
63439
22717
63443
63463
22727
63467
97159
22741
63473
22751
63493
97177
22777
97187
63521
63527
97213
97231
22807
97241
22811
97259
22817
97283
22859
97303
97327
22871
22901
97373
63607
63629
97423
22963
97429
63659
97441
22993
97499
23021
63691
97511
23039
97523
23041
97547
23053
97549
97571
23071
97577
23081
23087
97583
63773
63781
97609
63793
63799
97649
23143
63803
97651
23159
63809
97673
23167
63823
63839
23189
97711
23197
97729
23201
23203
63863
23209
97789
23251
63907
23269
63913
97829
23279
63949
23311
63997
64007
97859
97861
64019
23339
64033
23357
97883
23369
64063
64081
97931
23431
64091
97943
23447
97961
64109
23459
23473
23509
64153
98009
64157
98011
23537
64171
98017
64187
23549
98047
98057
64217
23561
23567
64231
23581
64237
64271
23599
64279
64283
98221
98227
23633
98251
98257
23669
23687
64403
98317
23689
98321
23719
64439
23741
98327
23743
64451
98369
23753
98377
23761
98389
64513
23801
98419
23813
23819
98443
98453
23857
98479
23869
23873
98533
23893
64627
98543
23909
98563
64661
98573
64663
98597
23929
98621
64679
23957
98627
23971
64693
64709
23981
98663
64717
64747
64763
24007
98711
24019
98713
64783
98717
24029
64793
24043
98731
64811
24049
64817
64849
24071
98779
64853
98801
98807
24091
98809
24097
64879
98837
24103
64891
64901
98869
24113
64919
24121
64921
98887
24151
98899
98909
64969
98911
98927
24197
98929
98939
98947
24229
98953
65033
24239
98963
24247
98993
24281
98999
24317
24329
99017
65099
99023
24359
99041
24373
24379
99083
65129
99103
24407
99109
99131
65171
65179
24469
99149
65183
65203
65213
99191
24509
65239
99223
65257
65287
99257
65309
24593
99289
24611
99347
24631
99349
24659
99367
24671
99371
24677
99377
24683
65381
65393
99397
24697
65407
99401
65419
24749
24767
65447
99497
65479
99523
99527
99529
65519
65521
24841
24847
65543
65551
99571
65557
65563
99581
65579
99607
24907
99611
24917
99623
65599
99661
99679
65633
99689
24971
65651
24977
65657
24979
65677
99719
65699
25031
65701
99761
25057
99787
25073
99793
65719
99809
25097
99823
65777
25147
99871
25169
99881
25171
25183
25189
99923
25219
99961
65881
25237
99989
25247
65921
65927
100003
25261
25301
65951
100043
25303
100049
25309
65981
65983
65993
25339
66029
100129
66037
25349
25357
66047
25367
100153
66067
25373
25391
66083
66089
100207
66107
25439
66109
25447
66137
25453
100267
66161
25457
100271
25463
66173
25471
66179
25541
100343
66239
25561
25577
100361
25579
66293
100363
25583
66301
100379
25589
100393
66347
25609
66359
100417
25633
66373
25639
25643
25657
100483
25673
66413
100501
66431
100511
66449
100517
66457
100519
66467
100523
25741
100537
66491
100547
100549
25763
100559
66523
66529
25793
66533
66541
100621
25819
66571
25847
66587
100693
66593
100699
25873
66601
100703
66617
100741
66643
66697
100799
25951
66739
100847
25981
25997
100907
26003
100927
66791
26029
100943
66821
26041
26053
100981
66851
26083
26099
100999
101009
26111
101021
66877
66883
101063
101089
26171
101107
66931
26177
101111
66943
101113
66949
101119
101149
26227
26237
101161
26251
101183
26261
101197
26263
67043
101207
26297
67061
101221
26309
67073
26317
101273
26321
67103
67121
101293
26371
67139
67141
101333
101341
67153
26407
67169
101363
26417
67181
67187
101399
67211
101411
26449
67213
101419
26459
67217
101429
26479
67231
101467
67261
26513
101489
67271
26539
67273
101503
26561
67289
26573
101531
67349
101561
67399
26683
26687
26693
67429
26701
67447
67477
26723
67481
26729
67493
26737
67499
26759
67511
67523
26783
26801
67537
67547
26821
26839
67577
26849
26863
26879
26881
26891
67651
26921
67679
26927
67699
26959
67741
26987
67763
67789
27061
67819
67829
27091
27103
27107
67891
67901
67927
67931
67933
67939
27239
67943
67961
27259
67967
67979
27277
27283
68041
27329
68053
27337
27361
68071
27367
27397
68113
68141
27431
27437
68161
68171
27481
27487
68239
68279
68281
68329
27611
27617
27647
68399
27673
68437
27689
68443
27691
27697
68449
27733
68477
68489
27743
27749
68507
27773
27791
27803
27809
27817
27823
27827
27847
27893
27917
27947
27953
27961
27983
28001
28019
28027
28031
28081
28087
28097
28111
28163
28181
28201
28211
28307
28319
28349
28387
28393
28409
28447
28477
28493
28513
28541
28549
28559
28573
28603
28607
28621
28627
28631
28649
28669
28687
28697
28703
28711
28729
28751
28753
28789
28793
28807
28813
28837
28843
28867
28879
28909
28921
28927
29017
29077
29101
29123
29129
29131
29137
29153
29179
29201
29207
29231
29243
29297
29311
29327
29333
29387
29401
29429
29453
29501
29537
29567
29581
29611
29629
29641
29663
29717
29723
29741
29761
29789
29833
29851
29863
29917
29921
29927
29947
29989
30029
30059
30089
30091
30097
30103
30109
30119
30137
30161
30169
30187
30241
30253
30293
30319
30367
30403
30431
30469
30493
30539
30559
30577
30637
30671
30677
30689
30703
30707
30713
30763
30781
30803
30809
30817
30829
30839
30851
30853
30859
30871
30893
30911
30931
30941
30971
30977
31013
31019
31051
31063
31069
31091
31121
31123
31139
31147
31159
31177
31181
31189
31193
31223
31231
31249
31253
31259
31267
31277
31307
31319
31337
31379
31391
31481
31489
31511
31517
31573
31607
31643
31687
31723
31729
31741
31751
31769
31799
31849
31859
31891
31907
31957
31973
31981
31991
32029
32057
32059
32063
32083
32099
32117
32173
32189
32191
32203
32233
32251
32257
32261
32299
32321
32323
32327
32341
32359
32363
32369
32371
32377
32413
32429
32441
32443
32467
32479
32491
32531
32533
32537
32563
32573
32579
32621
32647
32653
32717
32779
32797
32801
32831
32833
32887
32909
32917
32933
32939
32971
32987
32993
32999
33037
33071
33073
33113
33119
33151
33179
33191
33301
33311
33331
33347
33377
33413
33457
33479
33493
33529
33533
33569
33581
33599
33613
33623
33629
33641
33647
33703
33721
33751
33767
33773
33791
33797
33857
33863
33893
33961
33967
34019
34031
34033
34061
34141
34147
34183
34211
34213
34217
34231
34253
34259
34261
34273
34283
34301
34303
34313
34337
34351
34367
34403
34439
34469
34471
34483
34499
34501
34511
34519
34537
34549
34603
34613
34651
34679
34687
34721
34729
34739
34757
34759
34781
34819
34843
34849
34871
34877
34897
34919
35051
35059
35081
35107
35111
35117
35149
35171
